12 189
13 189
13 190
13 191
14 190
14 191
14 192
15 190
15 191
15 192
15 193
16 190
16 191
16 192
16 193
16 194
17 191
17 192
17 193
17 194
17 195
18 191
18 192
18 193
18 194
18 195
19 191
19 192
19 193
19 194
19 195
19 196
20 192
20 193
20 194
20 195
20 196
21 192
21 193
21 194
21 195
21 196
22 192
22 193
22 194
22 195
22 196
22 197
23 193
23 194
23 195
23 196
23 197
24 193
24 194
24 195
24 196
24 197
25 193
25 194
25 195
25 196
25 197
25 198
26 194
26 195
26 196
26 197
26 198
27 194
27 195
27 196
27 197
27 198
28 195
28 196
28 197
28 198
28 199
29 195
29 196
29 197
29 198
29 199
30 195
30 196
30 197
30 198
30 199
31 196
31 197
31 198
31 199
31 200
32 196
32 197
32 198
32 199
32 200
33 196
33 197
33 198
33 199
33 200
34 197
34 198
34 199
34 200
34 201
35 197
35 198
35 199
35 200
35 201
36 197
36 198
36 199
36 200
36 201
37 198
37 199
37 200
37 201
37 202
38 198
38 199
38 200
38 201
38 202
39 198
39 199
39 200
39 201
39 202
40 199
40 200
40 201
40 202
40 203
41 199
41 200
41 201
41 202
41 203
42 199
42 200
42 201
42 202
42 203
43 200
43 201
43 202
43 203
43 204
44 200
44 201
44 202
44 203
44 204
45 200
45 201
45 202
45 203
45 204
46 201
46 202
46 203
46 204
46 205
47 201
47 202
47 203
47 204
47 205
48 202
48 203
48 204
48 205
49 202
49 203
49 204
49 205
49 206
50 202
50 203
50 204
50 205
50 206
51 203
51 204
51 205
51 206
52 203
52 204
52 205
52 206
52 207
53 203
53 204
53 205
53 206
53 207
54 204
54 205
54 206
54 207
55 204
55 205
55 206
55 207
55 208
56 204
56 205
56 206
56 207
56 208
57 205
57 206
57 207
57 208
58 205
58 206
58 207
58 208
58 209
59 205
59 206
59 207
59 208
59 209
60 206
60 207
60 208
60 209
61 206
61 207
61 208
61 209
61 210
62 207
62 208
62 209
62 210
63 207
63 208
63 209
63 210
63 211
64 207
64 208
64 209
64 210
64 211
65 208
65 209
65 210
65 211
66 208
66 209
66 210
66 211
66 212
67 208
67 209
67 210
67 211
67 212
68 209
68 210
68 211
68 212
69 209
69 210
69 211
69 212
69 213
70 209
70 210
70 211
70 212
70 213
71 210
71 211
71 212
71 213
72 210
72 211
72 212
72 213
72 214
73 211
73 212
73 213
73 214
74 211
74 212
74 213
74 214
75 211
75 212
75 213
75 214
75 215
76 212
76 213
76 214
76 215
77 212
77 213
77 214
77 215
77 216
78 212
78 213
78 214
78 215
78 216
79 213
79 214
79 215
79 216
80 213
80 214
80 215
80 216
80 217
81 213
81 214
81 215
81 216
81 217
82 214
82 215
82 216
82 217
83 214
83 215
83 216
83 217
83 218
84 215
84 216
84 217
84 218
85 215
85 216
85 217
85 218
86 215
86 216
86 217
86 218
86 219
87 216
87 217
87 218
87 219
88 217
88 218
88 219
89 218
89 219
89 220
90 218
90 219
90 220
91 219
91 220
91 221
92 220
92 221
93 221
94 221
94 222
95 222
139 -6
140 -6
141 -6
142 -6
142 -5
143 -6
143 -5
144 -7
144 -6
144 -5
144 -4
145 -7
145 -6
145 -5
145 -4
146 -7
146 -6
146 -5
146 -4
147 -7
147 -6
147 -5
147 -4
147 -3
148 -7
148 -6
148 -5
148 -4
148 -3
149 -6
149 -5
149 -4
149 -3
150 -6
150 -5
150 -4
150 -3
150 -2
151 -6
151 -5
151 -4
151 -3
151 -2
152 -5
152 -4
152 -3
152 -2
153 -5
153 -4
153 -3
153 -2
153 -1
154 -5
154 -4
154 -3
154 -2
154 -1
155 -4
155 -3
155 -2
155 -1
156 -4
156 -3
156 -2
156 -1
156 0
157 -4
157 -3
157 -2
157 -1
157 0
158 -3
158 -2
158 -1
158 0
158 1
159 -3
159 -2
159 -1
159 0
159 1
160 -3
160 -2
160 -1
160 0
160 1
161 -2
161 -1
161 0
161 1
161 2
162 -2
162 -1
162 0
162 1
162 2
163 -2
163 -1
163 0
163 1
163 2
164 -1
164 0
164 1
164 2
164 3
165 -1
165 0
165 1
165 2
165 3
166 -1
166 0
166 1
166 2
166 3
167 0
167 1
167 2
167 3
167 4
168 0
168 1
168 2
168 3
168 4
169 0
169 1
169 2
169 3
169 4
170 1
170 2
170 3
170 4
170 5
171 1
171 2
171 3
171 4
171 5
172 1
172 2
172 3
172 4
172 5
173 2
173 3
173 4
173 5
173 6
174 2
174 3
174 4
174 5
174 6
175 2
175 3
175 4
175 5
175 6
176 3
176 4
176 5
176 6
176 7
177 3
177 4
177 5
177 6
177 7
178 3
178 4
178 5
178 6
178 7
178 8
179 4
179 5
179 6
179 7
179 8
180 4
180 5
180 6
180 7
180 8
181 4
181 5
181 6
181 7
181 8
181 9
182 5
182 6
182 7
182 8
182 9
183 5
183 6
183 7
183 8
183 9
184 5
184 6
184 7
184 8
184 9
184 10
185 6
185 7
185 8
185 9
185 10
186 6
186 7
186 8
186 9
186 10
187 6
187 7
187 8
187 9
187 10
187 11
188 7
188 8
188 9
188 10
188 11
189 7
189 8
189 9
189 10
189 11
190 7
190 8
190 9
190 10
190 11
190 12
191 8
191 9
191 10
191 11
191 12
192 8
192 9
192 10
192 11
192 12
193 8
193 9
193 10
193 11
193 12
193 13
194 9
194 10
194 11
194 12
194 13
195 9
195 10
195 11
195 12
195 13
196 9
196 10
196 11
196 12
196 13
196 14
197 10
197 11
197 12
197 13
197 14
198 10
198 11
198 12
198 13
198 14
199 10
199 11
199 12
199 13
199 14
199 15
200 11
200 12
200 13
200 14
200 15
201 11
201 12
201 13
201 14
201 15
202 11
202 12
202 13
202 14
202 15
202 16
203 11
203 12
203 13
203 14
203 15
203 16
204 12
204 13
204 14
204 15
204 16
205 12
205 13
205 14
205 15
205 16
205 17
206 12
206 13
206 14
206 15
206 16
206 17
207 13
207 14
207 15
207 16
207 17
208 13
208 14
208 15
208 16
208 17
208 18
209 13
209 14
209 15
209 16
209 17
209 18
210 14
210 15
210 16
210 17
210 18
211 14
211 15
211 16
211 17
211 18
211 19
212 14
212 15
212 16
212 17
212 18
212 19
213 15
213 16
213 17
213 18
213 19
214 15
214 16
214 17
214 18
214 19
214 20
215 15
215 16
215 17
215 18
215 19
215 20
216 16
216 17
216 18
216 19
216 20
217 16
217 17
217 18
217 19
217 20
217 21
218 16
218 17
218 18
218 19
218 20
218 21
219 16
219 17
219 18
219 19
219 20
219 21
220 17
220 18
220 19
220 20
220 21
220 22
221 17
221 18
221 19
221 20
221 21
221 22
222 17
222 18
222 19
222 20
222 21
222 22
223 18
223 19
223 20
223 21
223 22
223 23
224 18
224 19
224 20
224 21
224 22
224 23
225 18
225 19
225 20
225 21
225 22
225 23
226 19
226 20
226 21
226 22
226 23
226 24
227 21
227 22
227 23
227 24
228 22
228 23
228 24
229 24
229 25