197 328
197 367
197 368
197 369
198 366
198 367
198 368
199 339
199 366
199 367
199 368
200 366
200 367
201 365
201 366
201 367
202 319
202 327
202 365
202 367
202 368
203 319
203 327
203 365
203 366
204 319
204 327
204 338
204 364
204 365
204 366
205 319
205 327
205 364
205 365
205 366
206 319
206 327
206 363
206 364
206 365
206 366
207 363
207 364
207 366
208 364
208 365
208 421
209 321
209 337
209 363
209 364
209 365
209 420
209 421
210 326
210 362
210 363
210 364
210 365
210 421
211 326
211 362
211 363
211 364
211 419
211 420
212 326
212 362
212 363
212 364
212 420
213 326
213 361
213 362
213 363
213 364
213 418
214 326
214 336
214 361
214 362
214 363
214 418
215 326
215 361
215 362
215 363
215 417
216 360
216 361
216 362
216 416
216 417
217 360
217 361
217 362
217 416
218 360
218 361
218 362
218 415
218 416
219 317
219 335
219 359
219 361
219 415
219 416
220 325
220 335
220 359
220 361
220 414
220 415
221 325
221 359
221 360
221 361
221 414
221 415
222 325
222 358
222 360
222 414
223 325
223 358
223 360
223 413
223 414
224 334
224 358
224 360
224 413
225 334
225 357
225 358
225 412
225 413
226 357
226 359
226 411
226 412
227 357
227 359
227 411
227 412
228 356
228 358
228 410
228 411
229 324
229 356
229 357
229 410
230 324
230 333
230 356
230 357
230 410
231 355
231 357
231 409
231 410
232 324
232 355
232 356
232 357
232 408
232 409
233 324
233 356
233 408
234 355
234 356
234 407
234 408
235 354
235 356
235 407
236 332
236 354
236 355
236 407
237 354
237 355
237 406
238 353
238 354
238 355
238 406
239 353
239 354
239 405
239 406
240 353
240 354
240 405
241 298
241 314
241 323
241 331
241 352
241 353
241 354
241 404
242 298
242 314
242 323
242 352
242 353
242 404
243 298
243 314
243 352
243 353
243 403
244 297
244 352
244 353
244 402
244 403
245 296
245 297
245 298
245 352
246 296
246 297
246 298
246 318
246 351
246 352
246 402
247 296
247 297
247 298
247 314
247 330
247 351
247 352
248 295
248 296
248 298
248 314
248 318
248 351
248 400
248 401
249 295
249 296
249 297
249 350
249 351
249 400
250 295
250 296
250 350
250 351
250 399
251 295
251 296
251 297
251 350
251 399
252 295
252 296
252 319
252 350
252 398
252 399
253 295
253 296
253 329
253 350
253 398
254 349
254 397
255 322
255 349
255 396
255 397
256 349
256 396
256 397
257 396
258 395
259 348
259 395
260 394
261 394
262 393
263 299
264 392
265 391
265 392
266 327
266 391
267 390
267 391
268 390
269 389
270 389
271 388
272 388
273 326
273 387
274 333
274 387
275 386
276 345
276 386
277 385
278 384
278 385
279 344
280 325
280 383
280 384
281 383
282 382
283 382
284 381
285 381
286 380
286 384
287 380
288 324
288 379
289 378
289 379
289 382
294 315
294 376
294 379
295 375
295 378
296 323
296 375
296 377
297 374
297 377
298 374
298 376
299 318
299 373
299 375
300 373
300 375
301 372
301 374
302 373
303 371
303 372
304 370
304 371
305 322
305 371
306 322
306 369
306 370
307 369
308 368
308 369
310 367
310 368
311 367
312 366
313 366
314 365
350 471
353 471
360 472
364 499
371 158
371 159
372 159
373 158
374 159
376 158
377 158
378 158
381 157
382 157
385 157
538 495
539 497
540 498
542 501
578 174
580 173
583 491
583 493
583 494
584 492
584 493
584 495
584 496
584 497
585 493
585 494
585 495
585 496
585 497
585 499
586 494
586 495
586 496
586 497
586 499
586 500
586 501
586 502
587 495
587 496
587 497
587 498
587 499
587 501
587 502
587 503
587 504
588 168
588 496
588 497
588 498
588 499
588 500
588 502
588 503
588 504
588 505
588 507
589 498
589 499
589 500
589 501
589 502
589 504
589 505
589 506
589 507
589 509
590 499
590 500
590 502
590 503
590 504
590 508
590 509
590 511
591 500
591 501
591 502
591 504
591 512
591 513
592 165
592 501
592 502
592 503
592 504
592 514
592 515
592 516
593 503
593 504
593 505
593 506
593 516
593 517
593 518
594 164
594 504
594 505
594 506
594 508
594 518
594 520
595 505
595 506
595 507
595 509
595 521
595 522
596 507
596 508
596 509
596 523
597 508
597 509
597 510
597 511
597 525
598 509
598 510
598 511
598 513
599 511
599 512
599 513
599 514
600 512
600 513
600 514
601 513
601 514
601 516
601 517
602 515
602 516
602 518
603 516
603 517
603 518
603 519
604 517
604 518
604 519
604 520
604 521
605 519
605 520
605 521
605 522
606 520
606 521
606 523
607 521
607 522
607 523
607 524
608 523
608 524
608 525
608 526
609 524
609 525
609 527
609 528
610 526
610 527
610 529
611 527
611 529
611 530
612 528
612 529
612 530
612 531
612 532
613 530
613 531
613 532
613 533
614 531
614 532
614 533
614 534
615 532
615 533
615 534
615 535
615 536
616 534
616 535
616 536
616 537
617 535
617 536
617 537
617 538
618 536
618 537
618 538
618 539
618 540
619 538
619 539
619 540
619 541
620 539
620 540
620 541
620 542
620 543
621 540
621 541
621 542
621 543
622 542
622 543
622 544
622 545
623 543
623 544
623 545
623 546
623 547
624 544
624 545
624 546
624 547
624 548
625 546
625 547
625 548
625 549
626 547
626 548
626 549
626 551
627 549
627 551
627 552
628 550
628 551
628 553
628 554
629 552
629 553
629 555
630 228
630 554
630 555
631 555
631 556
631 557
631 558
632 557
632 558
632 559
633 559
633 560
634 560
634 561
634 562
635 562
636 564
637 565
637 566
638 567
639 569
640 570
643 210
647 205
647 209
657 197
660 213
671 317
673 395
679 300
682 331
683 331
687 333
688 311
688 333
689 311
690 309
690 334
691 334
694 335
697 336
699 337
701 338
702 338
704 339
708 340
712 342
717 344
720 314
721 314
722 346
723 346
724 346
724 378
725 347
726 347
728 348
729 348
731 349
732 326
733 326
733 350
736 351
737 327
738 298
738 327
739 298
739 327
741 298
741 299
741 328
741 353
742 299
742 328
742 353
743 298
743 328
744 299
744 308
744 329
745 298
745 299
745 308
745 329
746 299
746 317
746 329
746 355
747 299
747 329
748 299
748 313
748 329
748 330
748 356
749 299
749 313
749 330
749 356
750 313
750 330
751 299
751 330
751 357
752 330
752 331
753 330
753 331
754 318
754 330
754 331
754 358
755 331
755 359
756 331
756 332
756 359
757 331
757 359
758 332
758 360
759 314
759 332
759 360
760 314
760 332
760 360
761 314
761 319
761 333
761 361
762 333
762 361
763 333
763 362
764 333
764 334
764 362
765 333
765 334
765 362
766 334
766 363
767 334
767 363
768 310
768 320
768 335
769 334
769 335
769 364
770 335
771 315
771 335
771 365
772 315
772 335
772 336
772 365
773 335
773 365
774 315
774 335
774 336
774 366
775 336
775 337
775 366
776 336
776 367
777 336
777 337
777 367
778 336
778 337
778 367
779 337
779 368
780 337
781 322
781 337
781 338
781 369
782 337
782 369
783 338
783 339
783 370
784 338
784 339
784 370
785 316
785 338
785 339
785 370
786 339
787 339
787 340
787 371
788 340
788 372
789 339
789 340
789 372
790 339
790 340
790 341
790 372
791 340
791 341
791 372
792 317
792 340
792 373
793 324
793 340
793 341
793 342
794 324
794 340
794 341
794 342
