199 278
199 279
199 280
200 277
200 278
200 279
200 280
201 277
201 278
201 279
201 280
202 276
202 277
202 279
203 276
203 277
203 278
203 279
204 275
204 276
205 278
206 275
206 276
206 277
207 274
207 275
207 276
208 273
208 274
208 275
208 276
209 273
209 274
209 275
209 276
210 272
210 274
210 275
211 158
211 272
211 273
211 274
211 275
212 136
212 137
212 138
212 139
212 140
212 141
212 156
212 158
212 271
212 272
212 273
212 274
213 133
213 134
213 135
213 137
213 139
213 141
213 143
213 144
213 152
213 155
213 156
213 157
213 271
213 272
213 273
213 274
214 130
214 131
214 132
214 133
214 134
214 135
214 137
214 138
214 140
214 141
214 142
214 143
214 144
214 145
214 146
214 147
214 148
214 150
214 151
214 152
214 154
214 155
214 156
214 157
214 270
214 272
214 273
215 132
215 134
215 135
215 136
215 137
215 138
215 139
215 140
215 141
215 142
215 143
215 144
215 145
215 146
215 147
215 148
215 149
215 150
215 151
215 152
215 153
215 154
215 155
215 156
215 157
215 270
215 271
215 272
215 273
216 134
216 135
216 136
216 137
216 138
216 139
216 140
216 141
216 142
216 144
216 145
216 146
216 149
216 150
216 151
216 152
216 153
216 154
216 155
216 156
216 269
216 270
216 271
217 134
217 135
217 136
217 137
217 138
217 139
217 140
217 141
217 142
217 143
217 144
217 145
217 146
217 147
217 148
217 149
217 150
217 151
217 152
217 154
217 156
217 269
217 271
217 272
218 136
218 137
218 138
218 139
218 141
218 142
218 143
218 144
218 145
218 146
218 147
218 149
218 150
218 151
218 152
218 153
218 154
218 269
218 270
219 139
219 140
219 141
219 143
219 144
219 146
219 147
219 148
219 149
219 150
219 151
219 152
219 267
219 268
219 269
219 271
220 142
220 144
220 145
220 146
220 148
220 267
220 268
220 269
220 270
221 266
221 267
221 268
221 269
221 270
222 267
222 268
222 282
223 265
223 266
223 267
223 268
224 265
224 266
224 268
225 264
225 268
226 264
226 266
226 267
226 268
227 263
227 264
227 265
227 266
227 267
228 263
228 264
228 266
228 267
229 262
229 263
229 264
229 265
229 266
230 261
230 262
230 263
230 264
230 265
230 266
231 261
231 262
231 263
231 264
231 265
232 260
232 261
232 262
232 263
232 264
232 265
233 260
233 261
233 262
233 263
233 264
233 265
234 259
234 260
234 261
234 262
234 263
235 259
235 260
235 261
235 262
235 263
235 264
236 258
236 259
236 260
236 261
236 262
236 263
237 258
237 259
237 261
237 262
237 263
238 231
238 257
238 258
238 259
238 260
238 261
238 262
238 263
239 256
239 257
239 258
239 259
239 260
239 261
239 262
239 263
240 256
240 257
240 258
240 259
240 260
240 261
240 262
241 255
241 256
241 257
241 260
241 261
241 262
242 255
242 256
242 257
242 258
242 259
242 260
242 261
242 262
243 254
243 255
243 256
243 257
243 258
243 259
243 260
243 261
243 262
244 254
244 255
244 256
244 257
244 258
244 259
244 261
244 262
244 263
245 253
245 254
245 255
245 256
245 257
245 258
245 259
245 260
245 261
245 262
245 263
246 253
246 254
246 255
246 256
246 257
246 258
246 259
246 260
246 261
246 262
246 263
246 264
247 252
247 253
247 254
247 255
247 256
247 257
247 258
247 259
247 260
247 261
247 263
247 264
247 265
248 252
248 253
248 254
248 255
248 256
248 257
248 258
248 259
248 260
248 261
248 262
248 263
248 264
249 252
249 253
249 254
249 255
249 256
249 257
249 259
249 260
249 261
249 262
249 263
250 251
250 252
250 253
250 254
250 255
250 256
250 257
250 258
250 259
250 260
250 261
250 262
251 251
251 252
251 253
251 254
251 255
251 256
251 257
251 258
251 259
251 260
251 261
252 250
252 251
252 252
252 253
252 254
252 256
252 257
252 258
252 259
252 260
253 250
253 251
253 252
253 253
253 254
253 255
253 256
253 257
253 258
253 259
254 250
254 251
254 252
254 253
254 254
254 255
254 256
254 257
254 258
255 250
255 251
255 252
255 253
255 254
255 255
255 256
255 257
256 250
256 251
256 252
256 253
256 254
256 256
257 250
257 251
257 252
257 253
257 254
257 255
258 250
258 251
258 252
258 253
258 254
259 250
259 251
259 252
259 253
260 251
260 252
261 65
264 67
265 68
266 69
268 70
269 71
272 73
273 74
275 75
277 77
278 78
279 78
281 80
284 82
285 83
286 84
287 84
320 172
338 106
343 109
345 110
347 -24
348 -23
349 -22
351 -21
356 124
363 128
664 128
669 124
670 123
673 291
673 292
673 294
673 295
673 296
673 297
673 298
674 272
674 273
674 274
674 275
674 276
674 277
674 278
674 279
674 281
674 282
674 283
674 284
674 285
674 286
674 287
674 288
674 289
674 290
674 291
674 293
674 294
674 295
674 296
674 297
674 298
674 299
674 300
674 301
675 119
675 271
675 272
675 273
675 275
675 276
675 277
675 278
675 279
675 281
675 282
675 283
675 284
675 285
675 286
675 287
675 288
675 289
675 290
675 291
675 292
675 294
675 295
675 296
675 297
675 298
675 300
675 301
675 302
675 303
676 272
676 273
676 275
676 276
676 277
676 278
676 280
676 281
676 282
676 283
676 284
676 286
676 287
676 288
676 289
676 290
676 291
676 292
676 293
676 294
676 295
676 296
676 297
676 298
676 299
676 300
676 301
676 302
676 303
676 304
676 305
677 275
677 276
677 277
677 278
677 279
677 280
677 281
677 282
677 283
677 284
677 285
677 286
677 287
677 288
677 290
677 291
677 292
677 293
677 294
677 295
677 296
677 297
677 298
677 299
677 300
677 302
677 303
677 304
677 305
677 306
677 307
678 117
678 278
678 279
678 280
678 281
678 282
678 283
678 284
678 286
678 287
678 288
678 289
678 290
678 291
678 292
678 293
678 294
678 295
678 296
678 297
678 298
678 299
678 300
678 301
678 302
678 303
678 304
678 305
678 306
678 307
678 308
678 309
679 282
679 283
679 284
679 285
679 286
679 287
679 288
679 289
679 290
679 291
679 292
679 294
679 295
679 297
679 298
679 299
679 300
679 301
679 302
679 303
679 304
679 305
679 306
679 307
679 308
679 309
679 310
679 311
679 312
680 115
680 286
680 287
680 288
680 290
680 291
680 292
680 293
680 294
680 295
680 296
680 297
680 298
680 299
680 300
680 301
680 302
680 303
680 304
680 305
680 306
680 307
680 308
680 309
680 310
680 311
680 312
680 313
681 290
681 291
681 292
681 293
681 295
681 296
681 297
681 298
681 300
681 301
681 302
681 303
681 304
681 306
681 308
681 310
681 311
681 312
681 313
681 314
681 315
682 295
682 296
682 297
682 298
682 299
682 300
682 301
682 302
682 303
682 304
682 305
682 306
682 307
682 308
682 310
682 311
682 312
682 313
682 314
682 315
682 316
682 317
683 300
683 301
683 302
683 303
683 304
683 305
683 306
683 307
683 308
683 310
683 311
683 312
683 313
683 314
683 315
683 316
683 317
683 318
683 319
684 112
684 305
684 306
684 307
684 308
684 309
684 310
684 312
684 313
684 314
684 315
684 316
684 317
684 318
684 319
684 320
684 321
685 111
685 310
685 311
685 312
685 313
685 314
685 315
685 316
685 317
685 318
685 319
685 321
685 322
685 323
686 316
686 317
686 318
686 319
686 320
686 321
686 322
686 323
687 324
687 325
687 326
689 108
690 107
691 110
694 104
695 103
696 106
697 91
697 106
698 90
699 89
700 88
700 99
701 87
702 86
705 83
705 95
706 94
707 81
711 90
711 296
712 89
713 225
717 85
717 241
717 242
717 243
717 244
718 212
718 240
718 241
718 242
718 243
718 244
718 245
718 246
719 83
719 213
719 240
719 241
719 242
719 243
719 244
719 245
719 246
719 247
719 248
720 241
720 242
720 247
720 248
720 249
720 313
721 241
721 249
721 251
721 315
722 241
722 242
722 251
722 252
723 81
723 216
723 242
723 253
723 254
724 79
724 243
724 255
725 243
726 77
726 218
726 244
727 76
727 244
728 245
729 220
729 237
729 246
730 221
730 246
731 134
731 135
731 137
731 138
731 139
731 141
731 142
731 143
732 131
732 132
732 133
732 144
732 145
732 146
732 147
732 148
732 223
732 247
732 248
733 127
733 128
733 129
733 148
733 149
733 223
733 248
734 70
734 127
734 139
735 69
735 123
735 132
736 122
736 225
737 120
737 151
738 66
738 119
739 65
739 117
739 227
740 64
740 116
740 252
740 253
741 115
741 229
741 245
742 113
743 112
743 254
744 111
744 230
745 381
746 108
747 107
747 232
747 249
747 384
748 106
748 257
748 386
748 387
749 105
749 234
750 104
750 389
751 102
751 251
751 391
752 101
752 102
752 235
754 99
755 261
756 97
757 96
757 238
757 262
759 94
759 239
761 240
764 133
764 136
764 137
764 138
764 139
764 140
764 141
764 142
764 143
764 144
764 145
764 146
764 147
764 258
765 130
765 131
765 132
765 148
765 149
765 150
765 259
766 127
766 128
766 151
766 152
766 267
767 125
767 127
767 154
767 155
768 123
768 124
768 156
769 121
769 122
769 143
769 158
770 120
770 135
770 159
770 245
770 269
771 118
771 119
771 161
772 162
773 163
774 247
775 263
777 264
779 273
781 274
781 311
781 312
781 313
781 314
781 315
781 316
782 309
782 311
782 312
782 313
782 314
782 315
782 316
782 317
782 318
783 309
783 310
783 311
783 312
783 313
783 314
783 315
783 316
783 317
783 318
783 319
784 309
784 310
784 311
784 312
784 314
785 252
785 309
785 310
785 311
786 276
787 253
787 268
790 269
792 255
794 256
