236 273
254 184
254 188
256 185
258 187
260 187
260 188
261 188
263 188
263 189
266 190
267 190
326 301
335 113
335 114
335 115
335 116
335 117
336 112
336 113
336 114
336 115
336 116
336 117
336 118
337 110
337 111
337 112
337 113
337 114
337 115
337 116
337 117
337 118
337 306
338 109
338 110
338 111
338 112
338 113
338 114
338 115
338 116
338 117
338 118
338 307
339 109
339 110
339 111
339 112
339 113
339 114
339 115
339 116
339 117
339 118
339 307
340 107
340 108
340 109
340 110
340 111
340 112
340 113
340 114
340 115
340 116
340 117
341 107
341 108
341 109
341 110
341 111
341 112
341 113
341 114
341 115
341 116
341 117
341 308
342 106
342 107
342 108
342 109
342 110
342 111
342 112
342 113
342 114
342 115
342 116
342 117
343 105
343 106
343 107
343 108
343 109
343 110
343 111
343 112
343 113
343 114
343 115
343 116
343 309
344 104
344 105
344 106
344 107
344 108
344 109
344 110
344 111
344 112
344 113
344 114
344 115
344 116
345 104
345 105
345 106
345 107
345 108
345 109
345 110
345 111
345 112
345 113
345 114
345 115
345 310
346 103
346 104
346 105
346 106
346 107
346 108
346 109
346 110
346 111
346 112
346 113
346 114
346 115
347 102
347 103
347 104
347 105
347 106
347 107
347 108
347 110
347 111
347 112
347 113
347 114
348 103
348 104
348 105
348 106
348 107
348 108
348 109
348 110
348 111
348 112
348 113
348 114
349 101
349 102
349 103
349 105
349 106
349 107
349 108
349 109
349 110
349 111
349 112
349 113
350 101
350 102
350 103
350 105
350 106
350 107
350 108
350 109
350 110
350 111
350 112
350 113
351 100
351 101
351 103
351 104
351 105
351 106
351 107
351 109
351 110
351 111
351 112
352 99
352 100
352 101
352 102
352 103
352 104
352 105
352 106
352 108
352 109
352 110
352 111
352 112
353 99
353 100
353 102
353 103
353 104
353 105
353 106
353 107
353 108
353 110
353 111
354 98
354 99
354 100
354 101
354 102
354 104
354 105
354 106
354 107
354 108
354 109
354 110
354 111
355 98
355 99
355 101
355 102
355 103
355 104
355 105
355 106
355 107
355 110
356 99
356 100
356 101
356 102
356 103
356 104
356 105
356 108
356 109
357 96
357 97
357 98
357 99
357 100
357 101
357 103
357 104
357 105
357 106
357 107
357 108
357 109
358 96
358 97
358 98
358 99
358 100
358 101
358 103
358 104
358 105
358 106
358 107
358 108
359 96
359 97
359 98
359 99
359 100
359 101
359 102
359 105
359 106
359 107
359 108
360 95
360 96
360 97
360 98
360 99
360 100
360 101
360 102
360 103
360 106
360 107
360 317
361 94
361 95
361 98
361 99
361 100
361 101
361 102
361 103
361 104
361 105
361 106
362 93
362 94
362 95
362 96
362 97
362 98
362 99
362 100
362 101
362 102
362 103
362 104
362 105
362 106
362 318
363 93
363 94
363 95
363 98
363 99
363 100
363 101
363 102
363 103
363 104
363 105
364 92
364 93
364 94
364 95
364 96
364 97
364 98
364 99
364 100
364 101
364 102
364 103
364 104
364 319
365 91
365 92
365 93
365 94
365 95
365 96
365 97
365 98
365 99
365 100
365 101
365 102
365 103
365 104
366 90
366 91
366 92
366 93
366 94
366 95
366 96
366 97
366 98
366 99
366 100
366 101
366 102
366 103
367 90
367 91
367 92
367 93
367 94
367 95
367 96
367 97
367 98
367 99
367 100
367 101
367 102
368 89
368 92
368 93
368 94
368 95
368 96
368 97
368 98
368 99
368 100
368 101
369 88
369 89
369 90
369 91
369 92
369 93
369 94
369 95
369 96
369 98
369 99
369 100
369 101
370 89
370 90
370 91
370 92
370 93
370 94
370 97
370 98
370 99
370 100
371 87
371 88
371 89
371 90
371 91
371 93
371 94
371 95
371 96
371 98
371 99
372 86
372 87
372 88
372 89
372 90
372 91
372 92
372 94
372 95
372 96
372 97
372 98
372 99
373 85
373 86
373 87
373 89
373 90
373 91
373 92
373 94
373 95
373 97
373 98
374 84
374 85
374 86
374 87
374 88
374 90
374 91
374 93
374 94
374 96
374 97
375 84
375 86
375 87
375 88
375 89
375 91
375 92
375 93
375 94
375 95
375 96
375 324
376 84
376 85
376 86
376 87
376 89
376 90
376 92
376 93
376 95
376 96
377 82
377 83
377 84
377 85
377 87
377 88
377 90
377 91
377 93
377 94
377 95
377 325
378 81
378 82
378 83
378 84
378 85
378 86
378 87
378 88
378 90
378 91
378 93
378 94
379 80
379 81
379 82
379 83
379 85
379 86
379 87
379 88
379 89
379 90
379 91
379 92
379 93
380 81
380 82
380 84
380 85
380 86
380 87
380 88
380 89
380 90
380 91
380 92
381 79
381 81
381 82
381 83
381 84
381 85
381 86
381 87
381 88
381 89
381 90
381 91
381 92
382 78
382 79
382 80
382 81
382 83
382 84
382 85
382 86
382 87
382 88
382 89
382 90
382 91
383 77
383 78
383 79
383 80
383 81
383 82
383 83
383 84
383 85
383 86
383 87
383 89
383 90
384 76
384 77
384 78
384 79
384 80
384 81
384 82
384 83
384 84
384 85
384 86
384 87
384 88
384 89
385 75
385 76
385 77
385 78
385 79
385 80
385 81
385 82
385 83
385 84
385 85
385 86
385 88
386 74
386 75
386 76
386 77
386 78
386 79
386 80
386 81
386 83
386 84
386 86
386 87
386 329
387 73
387 74
387 75
387 77
387 78
387 80
387 81
387 82
387 83
387 84
387 85
387 87
388 72
388 73
388 74
388 75
388 76
388 78
388 79
388 80
388 81
388 82
388 83
388 85
388 86
389 72
389 73
389 74
389 75
389 76
389 77
389 78
389 79
389 80
389 82
389 83
389 84
389 85
390 71
390 72
390 74
390 75
390 76
390 77
390 78
390 79
390 80
390 81
390 82
390 83
391 70
391 71
391 72
391 73
391 74
391 75
391 76
391 77
391 78
391 79
391 80
391 82
391 83
392 69
392 70
392 71
392 72
392 73
392 74
392 75
392 76
392 77
392 78
392 79
392 80
392 81
392 82
393 68
393 69
393 70
393 71
393 72
393 73
393 75
393 76
393 77
393 79
393 80
394 67
394 69
394 70
394 71
394 72
394 73
394 74
394 75
394 76
394 77
394 78
394 79
394 80
395 66
395 67
395 68
395 70
395 71
395 72
395 74
395 75
395 76
395 77
395 78
395 79
395 333
396 65
396 66
396 67
396 68
396 69
396 71
396 72
396 74
396 75
396 76
396 77
396 78
397 64
397 65
397 71
397 72
397 74
397 75
397 76
397 77
398 63
398 71
398 72
398 74
398 75
398 76
399 62
399 70
399 71
399 72
399 73
399 74
399 75
400 70
400 71
400 72
400 73
400 74
401 71
403 57
404 337
413 341
420 344
498 611
498 612
498 613
498 614
498 615
498 616
498 617
498 618
498 619
499 610
499 611
499 612
499 613
499 614
499 615
499 616
499 617
499 618
499 619
500 610
500 611
500 612
500 613
500 614
500 615
500 616
500 617
500 618
500 619
500 620
501 610
501 611
501 612
501 613
501 614
501 615
501 616
501 617
501 618
501 619
501 620
502 610
502 611
502 612
502 613
502 614
502 615
502 616
502 617
502 618
502 619
502 620
503 610
503 611
503 612
503 614
503 616
503 618
503 619
503 620
504 611
504 612
504 613
504 614
504 615
504 616
504 617
504 618
504 620
505 610
505 611
505 612
505 613
505 614
505 615
505 616
505 617
505 619
505 621
506 610
506 612
506 613
506 614
506 615
506 616
506 617
506 618
506 619
506 621
507 610
507 612
507 614
507 616
507 618
507 620
508 610
508 611
508 612
508 613
508 614
508 615
508 616
508 617
508 618
508 619
508 620
508 621
508 623
509 612
509 613
509 614
509 615
509 616
509 617
509 618
509 619
509 620
509 621
509 622
509 623
510 613
510 615
510 617
510 618
510 619
510 620
510 622
510 624
511 612
511 613
511 614
511 615
511 616
511 617
511 619
511 620
511 621
511 622
511 623
511 624
512 613
512 614
512 615
512 616
512 617
512 619
512 620
512 621
512 622
512 623
512 624
513 613
513 614
513 615
513 616
513 618
513 619
513 620
513 621
513 622
513 623
513 624
513 625
514 613
514 614
514 615
514 616
514 617
514 619
514 620
514 621
514 622
514 623
514 624
514 625
514 626
514 627
515 391
515 614
515 615
515 616
515 617
515 618
515 619
515 620
515 621
515 622
515 623
515 626
515 628
516 614
516 616
516 617
516 618
516 619
516 620
516 621
516 622
516 623
516 629
516 631
517 616
517 617
517 618
517 619
517 627
518 617
518 619
518 620
518 621
519 617
519 619
519 620
519 621
519 622
520 620
520 622
521 621
522 621
539 407
551 448
553 418
563 340
564 339
565 338
566 337
568 335
568 336
570 334
571 333
572 332
573 331
574 331
575 329
575 330
576 328
576 329
577 327
577 328
578 327
579 326
579 446
580 325
580 326
581 324
581 325
581 452
582 275
582 276
582 323
582 324
583 273
583 275
583 276
583 322
583 323
584 273
584 274
584 275
584 276
584 321
584 322
585 273
585 275
585 320
585 321
586 271
586 272
586 319
586 320
587 270
587 271
587 318
587 319
587 320
588 269
588 270
588 317
588 318
588 319
589 269
589 316
589 317
589 318
590 268
590 315
590 316
590 317
591 266
591 267
591 314
591 315
591 316
592 265
592 314
592 315
593 264
593 313
593 314
594 312
594 313
595 311
595 312
596 310
596 312
597 309
597 310
597 311
598 308
598 309
598 310
599 307
599 309
600 306
600 308
601 305
601 306
601 307
602 304
602 305
602 306
603 303
603 305
604 302
604 304
605 301
605 303
606 300
606 301
606 302
607 299
607 300
607 301
608 298
608 299
608 300
609 298
609 299
609 300
610 296
610 297
610 298
611 295
611 296
611 297
611 298
612 294
612 295
612 296
612 297
613 293
613 294
613 295
613 296
614 292
614 293
614 294
614 295
615 292
615 293
615 294
616 290
616 291
616 292
616 293
617 289
617 290
617 291
617 292
618 288
618 290
618 291
619 287
619 288
619 289
619 290
620 286
620 287
620 289
621 285
621 286
621 287
621 288
622 284
622 286
622 287
623 283
623 284
623 285
623 286
624 282
624 284
624 285
625 281
625 282
625 283
625 284
625 285
626 280
626 281
626 282
626 283
626 284
627 279
627 280
627 281
627 282
627 283
628 278
628 279
628 280
628 281
628 282
629 278
629 279
629 280
629 281
630 277
630 278
630 279
630 280
631 275
631 276
631 277
631 278
631 279
632 274
632 275
632 276
632 277
632 278
633 274
633 275
633 276
633 277
634 272
634 273
634 274
634 275
634 276
634 277
635 272
635 273
635 274
635 275
635 276
636 271
636 272
636 273
636 274
636 275
637 270
638 269
638 270
690 157
694 148
695 145
696 497
697 139
698 489
699 489
699 490
700 488
700 489
701 488
701 489
702 487
702 489
703 489
704 487
704 488
704 496
705 486
705 487
705 488
705 489
706 486
706 487
706 488
707 487
707 488
707 497
708 486
708 487
708 488
709 485
709 486
709 487
709 488
709 508
710 485
710 486
710 487
711 485
711 486
712 485
712 486
713 484
713 485
713 486
714 484
714 485
714 486
715 483
715 484
715 485
