-94 -3
-93 -4
-93 -2
-92 -3
-92 -2
-92 -1
-91 -3
-91 -1
-90 -2
-90 -1
-90 0
-89 -2
-89 0
-88 -2
-88 -1
-88 0
-87 1
-86 -1
-86 1
-86 2
-85 0
-85 2
-84 0
-84 1
-84 2
-83 2
-83 3
-82 1
-82 3
-82 4
-81 2
-81 3
-81 4
-80 2
-80 3
-80 4
-80 5
-80 234
-79 3
-79 4
-79 5
-78 3
-78 5
-78 6
-77 4
-77 6
-76 4
-76 6
-76 7
-75 5
-75 6
-75 7
-75 8
-74 5
-74 6
-74 7
-74 8
-73 6
-73 7
-73 9
-72 6
-72 7
-72 8
-72 9
-72 10
-71 7
-71 9
-71 10
-70 7
-70 9
-70 10
-70 11
-70 248
-69 8
-69 9
-69 10
-68 8
-68 11
-68 12
-67 9
-67 10
-67 11
-66 9
-66 10
-66 11
-66 12
-65 10
-65 11
-64 10
-64 12
-64 13
-64 14
-63 11
-63 13
-63 14
-63 258
-62 11
-62 12
-62 13
-62 15
-61 12
-61 13
-61 14
-60 12
-60 15
-60 16
-59 13
-59 15
-59 16
-59 17
-58 13
-58 14
-58 15
-58 17
-57 15
-57 16
-57 17
-57 18
-56 17
-56 18
-55 15
-55 16
-55 17
-55 19
-54 16
-54 18
-54 19
-53 17
-53 18
-53 20
-52 17
-52 18
-52 20
-52 21
-51 18
-51 20
-51 21
-50 18
-50 19
-50 20
-50 21
-50 22
-49 19
-49 21
-49 22
-48 20
-48 22
-48 23
-47 22
-47 23
-46 23
-46 24
-46 319
-45 22
-45 23
-45 24
-45 320
-45 321
-45 322
-44 22
-44 24
-44 25
-44 322
-44 323
-44 324
-43 23
-43 25
-43 26
-43 324
-43 326
-43 327
-42 24
-42 25
-42 26
-42 27
-42 325
-42 326
-42 327
-42 328
-42 329
-41 24
-41 26
-41 27
-41 327
-41 328
-41 329
-41 330
-41 331
-41 332
-40 25
-40 27
-40 28
-40 329
-40 330
-40 332
-40 333
-40 334
-40 335
-39 25
-39 27
-39 28
-39 331
-39 332
-39 333
-39 334
-39 335
-39 336
-39 337
-38 26
-38 28
-38 29
-38 333
-38 334
-38 335
-38 336
-38 337
-38 338
-38 339
-37 27
-37 29
-37 30
-37 336
-37 337
-37 338
-37 339
-37 340
-37 341
-37 342
-37 343
-36 30
-36 337
-36 338
-36 339
-36 340
-36 341
-36 342
-36 343
-36 344
-36 345
-35 28
-35 30
-35 31
-35 339
-35 340
-35 342
-35 343
-35 344
-35 345
-35 346
-35 347
-35 348
-35 353
-35 354
-34 29
-34 31
-34 32
-34 341
-34 342
-34 343
-34 344
-34 345
-34 346
-34 347
-34 348
-34 349
-34 350
-34 351
-34 355
-34 356
-34 357
-33 32
-33 343
-33 344
-33 345
-33 346
-33 347
-33 348
-33 349
-33 350
-33 351
-33 352
-33 357
-33 358
-33 359
-33 360
-32 30
-32 32
-32 345
-32 346
-32 347
-32 348
-32 349
-32 350
-32 351
-32 352
-32 353
-32 354
-32 359
-32 360
-32 361
-32 362
-31 33
-31 34
-31 347
-31 348
-31 349
-31 350
-31 351
-31 352
-31 353
-31 354
-31 355
-31 356
-31 361
-31 362
-31 363
-31 364
-31 365
-31 366
-30 34
-30 350
-30 351
-30 352
-30 353
-30 354
-30 355
-30 356
-30 357
-30 358
-30 364
-30 365
-30 366
-30 367
-30 368
-30 369
-29 34
-29 35
-29 352
-29 353
-29 355
-29 356
-29 357
-29 358
-29 359
-29 360
-29 367
-29 368
-29 369
-29 370
-28 35
-28 354
-28 355
-28 356
-28 357
-28 358
-28 359
-28 360
-28 361
-28 362
-28 371
-27 36
-27 357
-27 358
-27 359
-27 360
-27 361
-27 363
-27 364
-26 37
-26 359
-26 360
-26 361
-26 363
-26 364
-26 365
-26 366
-26 367
-25 37
-25 38
-25 362
-25 363
-25 364
-25 365
-25 366
-25 367
-25 368
-25 369
-24 38
-24 368
-24 369
-24 370
-24 371
-23 39
-22 40
-20 41
-19 42
149 207
150 207
151 207
151 208
151 209
152 208
152 209
152 210
152 211
153 209
153 210
153 211
153 212
154 210
154 211
154 212
154 213
155 211
155 212
155 213
155 214
156 211
156 212
156 213
156 214
156 215
157 212
157 213
157 216
157 217
158 213
158 214
158 215
158 216
158 218
159 214
159 215
159 216
159 217
159 218
159 219
159 220
160 215
160 217
160 218
160 219
160 220
160 221
161 216
161 217
161 218
161 219
161 220
161 221
161 222
162 217
162 218
162 219
162 220
162 221
162 222
162 223
163 218
163 219
163 220
163 221
163 222
163 223
163 224
163 225
164 212
164 219
164 220
164 221
164 222
164 224
164 225
164 226
165 213
165 220
165 221
165 222
165 223
165 224
165 225
165 227
166 214
166 215
166 220
166 221
166 222
166 223
166 224
166 225
166 226
166 227
166 228
166 229
167 215
167 216
167 222
167 223
167 224
167 225
167 226
167 227
167 228
167 229
168 215
168 216
168 217
168 222
168 223
168 224
168 225
168 226
168 227
168 228
168 229
168 230
168 231
169 216
169 217
169 218
169 223
169 224
169 225
169 226
169 227
169 228
169 229
169 230
169 231
169 232
169 233
170 217
170 219
170 224
170 225
170 226
170 228
170 229
170 230
170 231
170 232
170 233
170 234
171 218
171 219
171 220
171 225
171 226
171 227
171 228
171 229
171 230
171 232
171 233
171 234
171 235
172 218
172 219
172 220
172 221
172 222
172 226
172 227
172 228
172 229
172 230
172 231
172 232
172 233
172 234
172 235
172 236
172 237
173 219
173 221
173 222
173 223
173 227
173 229
173 230
173 231
173 232
173 233
173 234
173 235
173 236
173 237
173 238
174 220
174 221
174 222
174 224
174 228
174 229
174 230
174 231
174 232
174 233
174 234
174 235
174 236
174 237
174 238
174 239
175 221
175 222
175 223
175 224
175 225
175 229
175 230
175 231
175 232
175 233
175 234
175 235
175 236
175 237
175 238
175 239
175 240
175 241
176 222
176 223
176 224
176 225
176 226
176 231
176 232
176 233
176 234
176 235
176 236
176 237
176 238
176 240
176 241
176 242
177 222
177 223
177 224
177 225
177 226
177 227
177 228
177 230
177 231
177 232
177 233
177 236
177 237
177 238
177 239
177 240
177 241
177 242
177 243
178 223
178 224
178 225
178 226
178 227
178 228
178 231
178 232
178 233
178 234
178 235
178 236
178 237
178 239
178 240
178 241
178 242
178 243
178 244
178 245
179 225
179 226
179 227
179 228
179 229
179 230
179 232
179 233
179 234
179 235
179 236
179 237
179 238
179 239
179 241
179 242
179 243
179 244
179 245
179 246
180 225
180 226
180 228
180 229
180 230
180 231
180 233
180 234
180 235
180 236
180 237
180 238
180 239
180 240
180 241
180 242
180 243
180 245
180 246
181 226
181 227
181 228
181 229
181 230
181 231
181 232
181 234
181 235
181 236
181 237
181 238
181 239
181 240
181 241
181 242
181 243
181 244
181 245
181 246
182 227
182 228
182 229
182 230
182 231
182 232
182 233
182 235
182 236
182 237
182 238
182 239
182 240
182 242
182 243
182 244
182 245
182 246
182 247
183 228
183 229
183 230
183 231
183 232
183 233
183 234
183 236
183 237
183 238
183 239
183 240
183 241
183 242
183 243
183 244
183 245
183 246
183 247
184 228
184 229
184 230
184 231
184 233
184 234
184 235
184 236
184 237
184 238
184 239
184 240
184 241
184 242
184 243
184 244
184 245
184 246
184 247
184 248
185 229
185 230
185 231
185 232
185 233
185 234
185 235
185 236
185 237
185 238
185 239
185 240
185 241
185 242
185 243
185 244
185 245
185 246
185 247
185 248
185 249
186 230
186 231
186 232
186 233
186 235
186 236
186 237
186 238
186 239
186 240
186 241
186 242
186 243
186 244
186 245
186 246
186 247
186 248
186 249
187 231
187 232
187 233
187 234
187 235
187 236
187 237
187 239
187 240
187 241
187 242
187 243
187 244
187 245
187 246
187 247
187 248
187 249
187 250
188 232
188 233
188 234
188 235
188 237
188 238
188 239
188 240
188 241
188 242
188 243
188 245
188 246
188 247
188 248
188 249
188 250
188 251
189 233
189 234
189 235
189 236
189 237
189 238
189 239
189 240
189 241
189 242
189 243
189 244
189 245
189 246
189 247
189 248
189 249
189 250
189 251
189 252
190 234
190 235
190 237
190 238
190 239
190 240
190 241
190 242
190 243
190 244
190 245
190 246
190 247
190 248
190 249
190 250
190 251
190 252
191 235
191 237
191 238
191 239
191 240
191 241
191 242
191 243
191 244
191 245
191 246
191 247
191 248
191 249
191 250
191 251
191 253
192 236
192 237
192 238
192 239
192 240
192 241
192 242
192 243
192 244
192 245
192 246
192 247
192 248
192 249
192 250
192 252
192 253
192 254
193 238
193 239
193 240
193 241
193 242
193 243
193 244
193 245
193 246
193 249
193 250
193 251
193 252
193 253
193 254
193 255
194 238
194 239
194 240
194 241
194 242
194 243
194 244
194 246
194 249
194 250
194 251
194 252
194 253
194 255
194 256
195 240
195 241
195 242
195 243
195 244
195 245
195 246
195 247
195 250
195 251
195 252
195 253
195 254
195 255
195 256
196 241
196 242
196 243
196 244
196 245
196 246
196 247
196 248
196 251
196 252
196 253
196 254
196 255
196 256
196 257
197 242
197 243
197 244
197 245
197 246
197 247
197 248
197 252
197 253
197 254
197 255
197 256
197 257
197 258
198 243
198 245
198 246
198 247
198 248
198 249
198 254
198 255
198 256
198 257
198 258
198 259
199 244
199 245
199 246
199 247
199 248
199 249
199 255
199 256
199 257
199 258
199 259
199 260
200 245
200 246
200 247
200 248
200 249
200 250
200 256
200 257
200 258
200 259
201 247
201 248
201 249
201 250
201 251
201 257
201 258
201 259
201 260
201 261
202 247
202 248
202 249
202 250
202 251
202 252
202 259
202 260
202 261
202 262
203 249
203 250
203 251
203 252
203 253
203 260
203 261
203 262
203 263
204 250
204 251
204 252
204 253
204 261
204 262
204 263
204 264
205 251
205 252
205 253
205 254
205 262
205 263
205 264
205 265
206 252
206 253
206 263
206 264
206 265
207 253
207 254
207 255
207 265
207 266
208 254
208 255
208 256
208 266
208 267
209 255
209 256
209 257
209 268
210 258
210 268
210 269
211 257
211 270
212 271
213 260
214 273
215 262
215 274
216 263
247 131
253 127
258 150
259 149
259 151
260 122
260 149
260 150
260 151
260 152
261 148
261 149
261 150
261 153
262 148
262 149
262 150
262 151
262 152
262 153
262 154
263 120
263 149
263 150
263 151
263 152
263 153
263 155
264 149
264 150
264 151
264 152
264 153
264 154
264 155
264 156
265 149
265 150
265 151
265 153
