95 129
96 130
100 134
101 136
104 140
105 140
106 75
108 145
109 146
110 148
111 149
112 149
112 150
113 152
114 153
115 155
116 156
117 156
117 158
118 159
119 159
119 160
119 161
120 162
121 162
121 163
121 164
122 165
123 165
123 167
124 168
125 168
125 170
126 171
126 172
127 171
127 173
129 176
161 -23
161 -22
170 -7
178 -10
179 6
182 -3
187 5
189 8
191 11
191 13
196 18
196 29
199 22
205 30
209 35
210 36
214 41
215 42
220 48
221 49
221 59
222 50
223 51
224 52
232 61
233 62
234 63
235 64
236 65
237 66
238 67
239 68
240 69
241 70
243 72
244 73
245 74
248 76
249 77
250 78
251 79
252 80
253 81
257 84
258 85
259 86
262 88
262 102
263 89
264 90
267 92
268 93
269 94
271 95
272 96
275 98
276 99
278 100
279 101
281 102
282 103
284 104
285 105
287 106
288 107
289 107
290 108
292 109
293 110
294 110
295 111
296 111
297 112
298 112
299 113
300 114
300 115
301 -59
301 114
302 115
303 -49
303 115
303 224
304 115
304 116
305 116
306 116
306 117
307 117
307 118
307 235
308 -57
308 118
308 231
308 232
308 238
309 118
309 119
310 118
310 119
311 93
311 119
312 -56
312 93
312 119
312 120
313 93
313 94
313 119
313 120
313 249
314 94
314 120
314 121
314 256
315 94
315 95
315 120
315 121
315 254
315 259
316 94
316 95
316 121
316 223
316 257
317 94
317 95
317 96
317 121
317 122
317 266
318 94
318 95
318 96
318 121
318 122
318 264
319 95
319 97
319 122
319 266
320 95
320 96
320 97
320 122
320 123
320 270
321 95
321 96
321 97
321 98
321 123
321 156
322 95
322 96
322 97
322 98
322 123
322 124
323 95
323 96
323 97
323 98
323 99
323 123
323 124
324 95
324 96
324 97
324 98
324 99
324 124
325 95
325 96
325 98
325 99
325 124
325 125
326 96
326 97
326 98
326 99
326 100
326 124
326 125
327 96
327 97
327 98
327 99
327 100
327 125
328 96
328 97
328 99
328 100
328 101
328 125
329 96
329 97
329 98
329 99
329 100
329 101
329 125
329 126
330 96
330 97
330 98
330 99
330 100
330 101
330 125
330 126
331 97
331 98
331 99
331 100
331 101
331 126
332 97
332 98
332 99
332 100
332 101
332 102
332 126
332 127
333 -78
333 98
333 99
333 100
333 101
333 102
333 126
333 127
334 98
334 99
334 100
334 101
334 102
334 103
334 127
335 98
335 99
335 100
335 101
335 102
335 103
335 127
336 98
336 99
336 100
336 101
336 102
336 103
336 127
336 128
337 96
337 98
337 99
337 100
337 101
337 102
337 103
337 104
337 127
337 128
338 97
338 99
338 100
338 102
338 103
338 104
338 128
339 97
339 98
339 99
339 100
339 101
339 102
339 103
339 104
339 128
339 165
340 97
340 98
340 99
340 100
340 101
340 102
340 103
340 104
340 128
340 129
341 98
341 99
341 100
341 101
341 102
341 103
341 104
341 128
341 129
342 -41
342 98
342 99
342 100
342 101
342 102
342 103
342 104
342 105
342 129
343 99
343 100
343 101
343 102
343 103
343 104
343 105
343 129
344 99
344 100
344 101
344 102
344 103
344 104
344 105
344 129
344 130
344 168
345 100
345 101
345 102
345 103
345 104
345 105
345 129
345 130
346 100
346 101
346 102
346 103
346 104
346 105
346 106
346 130
347 101
347 102
347 103
347 104
347 105
347 106
347 130
348 101
348 102
348 103
348 104
348 105
348 106
348 130
349 101
349 102
349 103
349 104
349 105
349 106
349 130
349 131
349 171
350 102
350 103
350 104
350 105
350 106
350 130
350 131
351 -74
351 102
351 103
351 105
351 106
351 107
351 131
352 104
352 105
352 106
352 131
353 103
353 104
353 105
353 106
353 107
353 131
354 103
354 104
354 105
354 106
354 107
354 131
355 104
355 105
355 106
355 107
355 131
355 132
356 -73
356 104
356 105
356 107
356 132
356 175
357 104
357 105
357 107
357 108
357 132
357 192
358 104
358 105
358 106
358 107
358 108
358 132
358 176
359 -72
359 105
359 106
359 107
359 108
359 132
360 105
360 106
360 107
360 108
360 132
361 105
361 106
361 107
361 108
361 132
361 133
362 105
362 106
362 107
362 108
362 132
362 133
363 106
363 107
363 108
363 133
364 -39
364 106
364 107
364 108
364 133
365 106
365 107
365 108
365 109
365 133
365 198
365 199
366 106
366 107
366 108
366 109
366 133
367 106
367 107
367 108
367 109
367 133
368 107
368 108
368 109
368 133
369 107
369 108
369 109
369 133
369 182
370 107
370 108
370 109
370 133
370 134
371 -70
371 107
371 108
371 109
371 134
371 183
372 107
372 108
372 109
372 134
372 186
372 205
373 107
373 108
373 109
373 134
373 184
374 108
374 109
374 134
375 108
375 109
375 134
375 185
376 108
376 109
376 134
377 108
377 109
377 134
377 186
378 -84
378 108
378 109
378 134
378 141
379 -84
379 -69
379 108
379 110
379 134
379 187
379 191
380 108
380 109
380 110
380 134
380 146
380 191
381 108
381 109
381 110
381 134
381 143
381 188
382 108
382 109
382 110
382 192
383 -83
383 -69
383 108
383 109
383 110
383 189
384 109
384 110
384 135
384 148
384 193
384 215
385 109
385 110
385 135
385 190
385 237
386 109
386 110
386 135
386 240
387 109
387 110
387 135
387 191
388 -82
388 109
388 110
388 135
389 109
389 110
389 135
389 195
389 218
390 109
390 110
390 134
390 135
390 139
390 142
390 220
391 104
391 109
391 110
391 135
391 136
391 142
391 143
392 109
392 110
392 135
392 141
392 144
393 109
393 110
393 135
393 141
394 -68
394 109
394 110
394 135
395 109
395 135
395 224
396 109
396 135
396 195
397 135
397 198
398 135
398 196
398 225
399 135
399 226
400 135
400 197
401 135
401 201
402 -67
402 135
402 198
403 98
403 135
403 202
403 229
404 135
404 230
404 231
405 135
405 203
406 135
407 135
407 200
407 204
407 205
407 232
408 135
408 233
408 234
409 135
409 201
409 205
409 206
410 135
411 -67
411 202
411 205
411 207
412 -67
413 203
413 208
414 207
414 208
414 246
414 247
415 209
416 137
416 204
416 208
416 209
416 239
418 205
418 209
418 210
420 206
420 209
420 210
420 211
421 209
422 134
422 207
422 210
422 212
423 134
423 207
423 211
423 213
424 134
424 213
425 134
425 208
425 212
425 213
425 214
427 209
427 212
427 213
427 214
427 215
429 210
429 213
429 214
429 215
430 210
430 214
430 216
431 216
432 137
432 211
432 215
432 216
432 217
433 218
434 133
434 216
434 217
434 218
435 133
435 219
436 217
436 218
437 219
438 219
438 220
439 219
439 220
440 221
441 221
442 132
445 146
446 143
446 144
446 146
446 147
447 144
447 147
447 148
447 149
448 142
448 147
448 148
448 149
448 150
449 131
449 146
449 147
449 150
450 142
450 146
450 147
450 148
450 151
451 145
451 146
451 147
451 152
452 142
452 145
452 146
453 142
453 145
453 146
453 148
453 153
454 144
454 145
454 146
454 148
455 130
455 141
455 144
455 145
455 146
455 154
456 141
456 144
456 145
457 141
457 143
457 144
457 145
457 147
458 139
458 141
458 143
458 144
458 145
459 140
459 143
459 144
460 140
460 143
460 144
460 145
461 140
461 143
461 144
462 140
462 142
462 143
462 144
463 140
463 142
463 143
463 144
464 139
464 140
464 142
464 143
464 144
465 127
465 139
465 140
465 141
465 142
465 143
465 144
466 139
466 140
466 141
466 142
466 143
467 140
467 141
467 142
467 143
468 138
468 139
468 140
468 141
468 142
468 143
469 127
469 138
469 139
469 140
469 141
469 142
469 143
470 138
470 139
470 140
470 141
470 142
471 138
471 139
471 140
471 141
471 142
472 139
472 140
472 141
472 142
473 139
473 140
473 141
473 142
474 140
474 141
474 142
475 141
