41 505
41 506
41 508
42 495
42 496
42 498
42 499
42 501
42 502
42 503
42 505
42 506
43 493
43 495
43 496
43 498
43 500
43 501
43 503
43 504
43 505
43 542
44 491
44 492
44 493
44 494
44 495
44 496
44 497
44 499
44 500
44 501
44 502
44 503
44 540
45 489
45 490
45 492
45 493
45 495
45 496
45 498
45 499
45 500
45 501
45 539
46 487
46 488
46 489
46 491
46 492
46 493
46 494
46 496
46 497
46 498
46 499
46 536
47 485
47 486
47 488
47 490
47 491
47 493
47 494
47 495
47 496
47 497
47 534
47 535
48 483
48 484
48 485
48 487
48 488
48 490
48 491
48 493
48 495
48 531
48 532
49 481
49 483
49 484
49 486
49 487
49 488
49 489
49 490
49 530
49 531
50 480
50 481
50 483
50 484
50 485
50 486
50 487
50 490
50 527
50 528
51 477
51 478
51 480
51 481
51 482
51 483
51 484
51 486
51 487
51 488
51 524
51 525
51 526
52 475
52 476
52 478
52 479
52 482
52 483
52 485
52 486
52 522
52 523
53 473
53 474
53 475
53 477
53 478
53 480
53 481
53 483
53 484
53 520
53 521
53 522
54 471
54 472
54 473
54 474
54 475
54 476
54 478
54 479
54 480
54 481
54 482
54 518
54 519
55 469
55 470
55 473
55 474
55 475
55 476
55 477
55 478
55 479
55 480
55 515
55 516
55 517
56 468
56 469
56 471
56 472
56 475
56 476
56 477
56 515
57 465
57 466
57 467
57 469
57 470
57 472
57 473
57 474
57 510
57 511
57 512
57 513
58 463
58 464
58 465
58 467
58 468
58 470
58 472
58 473
58 508
58 509
59 460
59 462
59 463
59 464
59 465
59 466
59 467
59 468
59 469
59 470
59 471
59 505
59 506
59 507
59 508
60 458
60 459
60 460
60 462
60 463
60 464
60 465
60 466
60 467
60 468
60 503
60 504
60 506
61 456
61 457
61 458
61 460
61 461
61 462
61 464
61 465
61 466
61 500
61 501
61 502
61 503
62 455
62 457
62 458
62 460
62 461
62 462
62 498
62 499
62 500
62 501
63 451
63 452
63 453
63 454
63 455
63 456
63 457
63 459
63 460
63 461
63 495
63 497
64 449
64 450
64 451
64 452
64 454
64 455
64 456
64 458
64 459
64 493
64 495
64 496
65 448
65 449
65 450
65 453
65 454
65 455
65 456
65 457
65 491
65 492
65 493
66 446
66 447
66 448
66 449
66 450
66 452
66 454
66 455
66 488
66 489
66 491
67 442
67 443
67 444
67 446
67 447
67 448
67 449
67 450
67 451
67 452
67 485
67 487
67 488
67 489
68 440
68 442
68 443
68 444
68 445
68 447
68 448
68 449
68 450
68 483
68 484
68 485
68 486
69 438
69 440
69 441
69 442
69 443
69 445
69 446
69 447
69 480
69 481
69 482
69 483
70 435
70 436
70 437
70 439
70 440
70 441
70 442
70 444
70 445
70 477
70 479
70 480
70 481
71 433
71 434
71 435
71 437
71 438
71 439
71 440
71 441
71 442
71 476
71 477
71 479
72 434
72 435
72 436
72 437
72 439
72 440
72 473
72 474
72 475
72 476
73 428
73 429
73 430
73 469
73 470
73 471
73 472
73 473
73 474
74 426
74 427
74 428
74 429
74 431
74 432
74 433
74 434
74 467
74 468
74 469
74 470
74 471
75 423
75 424
75 425
75 426
75 427
75 428
75 429
75 430
75 431
75 465
75 466
75 467
75 468
76 421
76 423
76 430
76 461
76 462
76 463
76 464
76 465
76 466
77 423
77 425
77 426
77 427
77 458
77 459
77 460
77 461
77 462
77 463
78 456
78 457
78 458
78 459
78 460
78 469
79 455
79 457
80 453
80 455
81 449
81 451
82 445
82 446
82 447
82 449
82 450
243 659
245 655
246 654
247 653
248 651
249 649
250 647
250 648
251 646
253 642
253 643
254 641
257 636
260 631
261 629
262 628
263 626
264 624
265 622
266 620
266 621
267 619
268 617
269 615
270 613
270 614
271 612
272 610
272 611
273 608
273 609
274 606
276 603
277 601
277 602
278 599
278 600
279 590
279 597
280 595
280 596
281 594
282 592
282 593
283 590
283 591
284 588
284 589
285 586
285 587
286 584
286 585
286 586
286 684
286 685
287 583
287 584
287 682
287 683
287 685
288 581
288 582
288 681
288 682
288 683
288 684
289 579
289 580
289 679
289 680
289 682
289 683
290 577
290 678
290 680
290 681
290 682
291 575
291 576
291 678
291 679
291 680
291 681
292 574
292 675
292 676
292 677
292 678
292 679
293 571
293 572
293 573
293 676
293 677
294 569
294 570
294 571
294 582
294 673
294 674
294 675
294 676
294 677
295 568
295 569
295 671
295 672
295 673
295 674
295 675
295 676
296 567
296 670
296 671
296 674
297 565
297 670
297 671
297 672
298 562
298 563
298 667
298 669
298 671
298 672
299 560
299 561
299 667
299 668
299 669
299 670
300 558
300 559
300 571
300 665
300 666
300 667
300 668
301 556
301 557
301 569
301 663
301 664
301 666
301 667
301 668
302 554
302 556
302 567
302 663
302 664
302 665
302 667
303 552
303 553
303 554
303 662
303 663
303 664
303 665
304 540
304 551
304 552
304 659
304 660
304 661
304 662
304 663
304 664
305 548
305 550
305 658
305 659
305 660
305 661
305 662
305 663
306 546
306 547
306 548
306 560
306 657
306 658
306 660
306 661
307 545
307 546
307 558
307 656
307 657
307 658
307 659
307 660
308 543
308 544
308 556
308 654
308 655
308 656
308 657
308 658
309 540
309 541
309 554
309 653
309 654
309 655
309 656
310 527
310 538
310 652
310 654
310 655
310 656
310 685
311 536
311 538
311 650
311 651
311 652
311 653
311 654
311 682
311 684
311 685
312 535
312 536
312 649
312 650
312 651
312 652
312 653
312 654
312 681
312 682
312 684
313 532
313 533
313 534
313 547
313 648
313 649
313 650
313 651
313 680
313 681
313 682
313 683
313 685
314 530
314 531
314 545
314 647
314 648
314 649
314 650
314 678
314 680
314 681
314 685
315 528
315 529
315 530
315 543
315 645
315 646
315 647
315 648
315 649
315 677
315 678
315 680
315 681
315 683
315 684
316 525
316 526
316 527
316 528
316 541
316 644
316 645
316 646
316 648
316 649
316 676
316 677
316 679
316 681
316 682
316 684
317 523
317 524
317 525
317 526
317 643
317 644
317 645
317 646
317 647
317 676
317 677
317 679
317 681
317 682
318 509
318 521
318 522
318 523
318 524
318 643
318 644
318 645
318 646
318 674
318 675
318 676
318 677
318 679
318 680
319 519
319 520
319 522
319 536
319 640
319 641
319 642
319 643
319 645
319 672
319 674
319 675
319 676
319 677
319 678
319 679
319 680
320 517
320 518
320 519
320 534
320 639
320 641
320 642
320 643
320 644
320 671
320 672
320 673
320 675
320 676
320 678
320 679
321 515
321 516
321 517
321 638
321 639
321 640
321 641
321 642
321 670
321 671
321 673
321 674
321 675
321 676
322 513
322 514
322 515
322 530
322 636
322 637
322 638
322 639
322 640
322 641
322 668
322 669
322 670
322 671
322 673
322 674
322 675
322 676
323 511
323 512
323 513
323 635
323 637
323 638
323 667
323 669
323 670
323 672
323 673
323 674
323 675
324 495
324 509
324 510
324 511
324 635
324 636
324 637
324 638
324 665
324 667
324 668
324 669
324 670
324 672
324 673
325 498
325 506
325 508
325 509
325 633
325 635
325 636
325 637
325 664
325 665
325 666
325 667
325 669
325 670
325 672
326 504
326 505
326 506
326 507
326 523
326 632
326 633
326 635
326 636
326 664
326 665
326 666
326 667
326 668
326 670
326 671
327 502
327 503
327 505
327 521
327 630
327 631
327 632
327 633
327 634
327 635
327 662
327 663
327 664
327 665
327 666
327 667
327 668
327 669
328 500
328 501
328 629
328 630
328 631
328 632
328 633
328 634
328 660
328 661
328 662
328 664
328 665
328 666
328 667
328 668
329 498
329 499
329 500
329 628
329 629
329 630
329 631
329 632
329 633
329 659
329 660
329 661
329 663
329 664
329 665
329 666
329 667
330 495
330 496
330 497
330 498
330 516
330 627
330 628
330 629
330 630
330 631
330 658
330 659
330 660
330 662
330 663
330 664
331 478
331 493
331 494
331 495
331 496
331 514
331 625
331 626
331 627
331 628
331 630
331 657
331 658
331 659
331 660
331 661
331 662
331 663
331 664
332 491
332 493
332 494
332 624
332 625
332 626
332 627
332 629
332 655
332 657
332 658
332 659
332 660
332 661
333 489
333 490
333 491
333 623
333 624
333 625
333 626
333 628
333 654
333 655
333 657
333 658
333 659
333 660
333 661
334 486
334 487
334 488
334 489
334 622
334 623
334 624
334 625
334 626
334 627
334 653
334 655
334 656
334 657
334 659
335 468
335 484
335 486
335 487
335 507
335 620
335 621
335 622
335 623
335 625
335 652
335 653
335 655
335 656
335 657
335 659
336 482
336 484
336 485
336 619
336 620
336 622
336 623
336 624
336 651
336 652
336 653
336 654
336 655
336 656
336 657
336 658
337 480
337 482
337 618
337 619
337 621
337 622
337 623
337 649
337 650
337 651
337 652
337 653
337 655
337 656
338 477
338 478
338 480
338 617
338 618
338 619
338 620
338 621
338 622
338 649
338 650
338 651
338 652
338 653
338 654
338 655
339 475
339 476
339 478
339 616
339 617
339 618
339 619
339 620
339 621
339 647
339 648
339 650
339 651
339 652
339 653
339 654
340 455
340 474
340 475
340 476
340 614
340 615
340 616
340 617
340 618
340 647
340 648
340 649
340 650
340 651
340 652
341 470
341 471
341 472
341 473
341 613
341 615
341 616
341 617
341 618
341 646
341 647
341 648
341 650
341 651
342 468
342 470
342 471
342 612
342 613
342 614
342 615
342 616
342 617
342 644
342 645
342 646
342 647
342 648
342 649
342 650
343 466
343 467
343 469
343 611
343 612
343 613
343 614
343 615
343 643
343 644
343 646
343 647
343 648
343 649
344 444
344 463
344 464
344 466
344 610
344 611
344 612
344 613
344 615
344 642
344 643
344 644
344 645
344 647
345 461
345 462
345 463
345 608
345 609
345 610
345 611
345 612
345 613
345 640
345 643
345 644
345 645
345 646
346 459
346 460
346 461
346 462
346 607
346 608
346 609
346 610
346 611
346 639
346 640
346 641
346 642
346 643
346 645
347 456
347 457
347 459
347 606
347 607
347 608
347 610
347 611
347 639
347 640
347 642
347 643
347 644
348 454
348 455
348 456
348 457
348 605
348 607
348 608
348 609
348 610
348 637
348 638
348 639
348 641
348 642
349 451
349 452
349 455
349 604
349 605
349 606
349 607
349 608
349 636
349 637
349 638
349 640
349 641
350 450
350 451
350 452
350 603
350 604
350 606
350 607
350 608
350 635
350 636
350 637
350 638
350 639
350 640
351 447
351 448
351 449
351 601
351 602
351 603
351 604
351 605
351 606
351 607
351 634
351 635
351 636
351 637
351 638
351 639
352 444
352 445
352 447
352 600
352 601
352 602
352 603
352 604
352 605
352 633
352 634
352 635
352 636
352 638
353 441
353 442
353 443
353 445
353 599
353 600
353 601
353 602
353 603
353 604
353 632
353 633
353 635
353 636
354 440
354 441
354 442
354 598
354 599
354 600
354 601
354 602
354 603
354 631
354 632
354 633
354 634
355 438
355 439
355 440
355 597
355 600
355 601
355 602
355 629
355 630
355 632
355 633
355 634
356 434
356 435
356 437
356 438
356 595
356 596
356 598
356 599
356 600
356 601
356 628
356 629
356 630
356 632
356 633
357 432
357 433
357 434
357 594
357 595
357 596
357 597
357 598
357 599
357 600
357 627
357 629
357 630
357 631
357 632
358 429
358 431
358 432
358 593
358 594
358 595
358 596
358 597
358 598
358 599
358 626
358 627
358 628
358 629
359 426
359 427
359 428
359 429
359 430
359 592
359 593
359 594
359 595
359 596
359 597
359 625
359 626
359 627
359 628
360 424
360 425
360 426
360 427
360 428
360 591
360 592
360 593
360 594
360 596
360 624
360 625
360 626
360 627
360 628
361 423
361 424
361 425
361 590
361 591
361 592
361 593
361 594
361 595
361 623
361 624
361 625
361 626
361 627
362 419
362 422
362 423
362 589
362 590
362 591
362 592
362 593
362 594
362 623
362 624
362 625
362 626
363 416
363 418
363 419
363 420
363 587
363 588
363 589
363 590
363 591
363 593
363 622
363 623
363 624
363 625
364 414
364 415
364 417
364 418
364 587
364 588
364 589
364 590
364 591
364 592
364 620
364 621
364 622
364 623
365 412
365 413
365 415
365 585
365 586
365 587
365 588
365 589
365 590
365 591
365 619
365 620
365 621
365 622
366 410
366 413
366 584
366 585
366 586
366 587
366 588
366 590
366 619
366 620
366 621
367 409
367 411
367 583
367 585
367 587
367 588
367 617
367 618
367 619
368 408
368 582
368 583
368 584
368 585
368 586
368 587
368 615
368 616
368 617
368 618
368 619
369 580
369 581
369 582
369 583
369 586
369 614
369 616
369 617
369 618
370 579
370 580
370 581
370 582
370 583
370 584
370 585
370 613
370 614
370 615
370 616
371 578
371 579
371 580
371 582
371 584
371 612
371 613
371 614
371 615
372 577
372 578
372 579
372 581
372 582
372 583
372 611
372 612
372 613
372 614
373 576
373 577
373 578
373 579
373 581
373 582
373 610
373 611
373 613
374 575
374 576
374 578
374 579
374 580
374 581
374 609
374 610
374 611
374 612
375 574
375 575
375 576
375 577
375 579
375 580
375 608
375 609
375 610
375 611
376 572
376 573
376 574
376 575
376 576
376 577
376 578
376 579
376 607
376 608
376 609
376 610
377 571
377 572
377 573
377 574
377 575
377 576
377 578
377 607
377 608
377 609
378 570
378 571
378 572
378 573
378 574
378 575
378 576
378 605
378 606
378 607
379 569
379 570
379 571
379 572
379 573
379 574
379 575
379 604
379 605
379 606
380 568
380 569
380 570
380 572
380 574
380 603
380 604
380 605
381 567
381 569
381 570
381 572
381 573
381 602
381 603
381 604
382 566
382 567
382 568
382 569
382 570
382 571
382 572
382 601
382 602
382 603
383 565
383 566
383 567
383 568
383 569
383 571
383 600
383 601
383 602
384 564
384 566
384 567
384 568
384 569
384 570
384 599
384 600
384 601
385 563
385 564
385 565
385 566
385 567
385 568
385 569
385 598
385 599
385 600
386 562
386 563
386 564
386 565
386 567
386 568
386 597
386 598
386 599
387 560
387 561
387 562
387 563
387 564
387 565
387 566
387 567
387 596
387 597
387 598
388 560
388 561
388 562
388 563
388 564
388 565
388 566
388 595
388 596
388 597
389 558
389 560
389 561
389 562
389 563
389 564
389 565
389 594
389 595
390 558
390 559
390 560
390 561
390 562
390 563
390 564
390 593
390 594
391 556
391 557
391 558
391 559
391 560
391 561
391 562
391 563
391 592
391 593
392 555
392 556
392 557
392 558
392 559
392 560
392 561
393 554
393 555
393 556
393 557
393 558
393 560
393 590
393 591
394 553
394 554
394 555
394 556
394 557
394 558
394 559
394 590
395 552
395 553
395 554
395 555
395 556
395 557
395 558
395 588
395 589
396 551
396 552
396 553
396 554
396 555
396 556
396 557
396 588
397 549
397 551
397 552
397 553
397 554
397 555
397 556
397 587
398 548
398 550
398 551
398 552
398 553
398 554
398 555
398 586
399 547
399 548
399 549
399 550
399 551
399 553
399 554
399 585
400 546
400 547
400 548
400 549
400 550
400 551
400 552
400 553
400 584
401 545
401 547
401 548
401 549
401 550
401 551
401 552
401 583
402 545
402 546
402 547
402 548
402 549
402 550
402 551
402 582
403 544
403 545
403 546
403 547
403 548
403 549
403 550
403 581
404 542
404 543
404 544
404 545
404 546
404 547
404 549
404 580
405 540
405 542
405 543
405 544
405 545
405 546
405 547
405 548
405 579
406 539
406 541
406 542
406 543
406 544
406 545
406 547
406 578
407 538
407 539
407 540
407 541
407 542
407 543
407 544
407 545
407 546
408 538
408 539
408 540
408 541
408 542
408 543
408 544
408 545
408 576
409 536
409 537
409 538
409 539
409 540
409 541
409 542
409 543
409 544
409 575
410 535
410 536
410 538
410 539
410 540
410 541
410 542
410 543
410 574
411 534
411 536
411 537
411 538
411 539
411 540
411 541
411 542
411 573
412 533
412 534
412 536
412 537
412 538
412 539
412 540
412 541
413 532
413 533
413 534
413 535
413 536
413 537
413 538
413 539
413 540
414 532
414 533
414 534
414 535
414 536
414 537
414 538
414 539
415 532
415 533
415 534
415 535
415 536
415 537
415 538
416 529
416 530
416 532
416 533
416 534
416 535
416 536
416 537
417 528
417 531
417 532
417 533
417 534
417 535
417 536
418 529
418 530
418 531
418 532
418 533
418 534
418 535
419 526
419 528
419 529
419 531
419 532
419 533
419 534
420 525
420 526
420 528
420 529
420 530
420 531
420 532
420 533
421 523
421 525
421 526
421 527
421 528
421 529
421 530
421 531
421 532
422 523
422 524
422 526
422 527
422 528
422 529
422 530
422 531
423 521
423 523
423 524
423 525
423 526
423 527
423 528
423 529
423 530
424 521
424 522
424 524
424 525
424 526
424 527
424 528
425 520
425 521
425 522
425 523
425 524
425 525
425 526
425 527
425 528
426 518
426 519
426 521
426 523
426 524
426 525
426 526
426 527
427 519
427 520
427 522
427 523
427 524
427 525
427 526
428 516
428 517
428 518
428 520
428 521
428 522
428 523
428 524
428 525
429 516
429 517
429 518
429 520
429 522
429 523
429 524
430 515
430 516
430 517
430 519
430 520
430 521
430 522
430 523
431 513
431 514
431 517
431 518
431 519
431 521
431 522
432 512
432 515
432 516
432 517
432 518
432 519
432 520
432 521
433 515
433 516
433 517
433 518
433 519
433 520
434 512
434 513
434 514
434 516
434 517
434 518
434 519
435 509
435 512
435 513
435 514
435 516
435 517
435 518
436 511
436 512
436 513
436 515
436 516
436 517
437 510
437 511
437 513
437 514
437 515
437 516
438 513
438 514
438 515
439 510
439 511
439 512
439 513
439 514
440 509
440 510
440 511
440 512
440 513
441 509
441 510
441 511
441 512
442 502
442 503
442 504
442 509
442 510
442 511
443 506
443 507
443 508
443 509
443 510
444 506
444 507
444 508
444 509
445 508
446 498
446 499
446 507
447 497
447 498
447 506
448 496
448 503
448 504
448 505
449 497
449 503
449 504
450 494
450 495
450 496
450 497
450 503
450 504
451 493
451 494
451 495
451 496
451 503
452 492
452 494
452 502
453 491
453 492
453 493
453 494
453 495
453 497
453 500
453 501
454 499
454 500
455 490
458 496
459 486
459 487
459 490
459 491
459 493
459 494
459 495
460 490
460 492
460 493
461 492
462 490
462 492
463 483
463 484
463 485
463 486
463 487
463 488
463 489
463 491
464 485
464 486
464 487
464 488
464 489
464 490
465 481
465 482
465 483
465 484
465 485
465 487
465 489
466 480
466 481
466 482
466 483
466 484
466 485
466 486
466 487
466 488
467 479
467 480
468 483
468 486
469 478
469 479
469 480
469 481
469 482
469 484
470 477
470 478
470 479
470 481
470 483
471 476
471 477
471 478
471 479
472 478
472 480
472 482
473 474
473 475
473 476
473 477
473 480
473 481
473 482
474 476
474 478
474 479
474 480
475 478
475 479
476 474
476 475
476 476
476 478
476 479
477 472
477 473
477 474
477 475
477 476
477 477
477 478
478 470
478 471
478 472
478 473
478 474
478 475
478 477
479 469
479 470
479 471
479 476
480 469
480 471
480 472
480 473
480 474
480 475
481 469
481 470
481 472
481 473
481 474
482 467
482 468
482 469
482 470
482 471
482 473
482 474
483 466
483 467
483 468
483 469
483 470
483 471
483 472
483 473
484 467
484 468
484 469
484 470
484 471
485 465
485 466
485 467
485 468
485 469
485 470
485 471
486 464
486 465
486 466
486 467
486 468
486 469
486 470
487 463
487 464
487 466
487 467
487 468
487 469
488 462
488 463
488 464
488 465
488 466
488 467
488 468
489 461
489 462
489 463
489 464
489 465
489 466
489 467
490 461
490 462
490 463
490 464
490 465
490 466
491 460
491 461
491 463
491 464
491 465
491 466
492 459
492 460
492 461
492 462
492 463
492 464
492 465
493 460
493 461
493 462
493 463
493 464
494 458
494 460
494 461
494 462
494 463
495 457
495 459
495 460
495 461
495 462
496 457
496 458
496 459
496 460
496 461
497 455
497 456
497 457
497 459
497 460
498 456
498 457
498 458
498 459
499 456
499 457
499 458
500 454
500 455
500 456
500 457
501 452
501 453
501 454
501 455
501 456
501 457
502 453
502 454
502 455
502 456
503 450
503 451
503 452
503 453
504 450
504 451
504 452
504 453
504 454
505 449
505 452
505 453
506 448
506 449
506 450
506 452
507 448
507 450
507 451
508 448
508 449
508 450
509 448
509 449
510 446
510 447
510 448
511 444
511 445
511 446
511 448
512 444
512 445
512 446
512 447
513 443
513 444
514 442
514 443
514 445
515 442
515 443
515 444
516 440
516 441
516 443
517 441
518 439
518 440
518 441
518 442
519 438
519 440
519 441
520 437
520 439
520 440
521 438
521 439
522 436
522 437
522 438
523 435
523 436
