-32 118
-31 119
-30 17
-30 120
-29 121
-29 122
-27 20
-27 124
-25 22
-25 127
-24 23
-24 127
-23 12
-23 128
-23 129
-22 129
-22 130
-21 26
-21 131
-20 132
-19 28
-19 134
-18 29
-18 134
-18 135
-17 30
-17 136
-16 137
-16 138
-15 32
-15 138
-14 33
-14 140
-13 34
-13 140
-12 35
-12 142
-12 143
-11 36
-11 143
-11 144
-10 37
-10 144
-10 145
-9 38
-9 145
-9 146
-8 39
-8 147
-8 148
-7 40
-7 148
-7 149
-6 40
-6 149
-6 150
-5 41
-5 42
-5 151
-5 152
-4 43
-4 153
-3 44
-3 153
-3 154
-2 45
-2 155
-2 156
-1 45
-1 156
0 46
0 157
0 158
1 47
1 48
1 159
1 160
2 48
2 160
2 161
3 49
3 50
3 162
3 163
4 50
4 51
4 163
4 164
5 51
5 164
5 165
6 166
6 167
7 53
7 167
7 168
8 54
8 170
9 55
9 170
9 171
10 56
10 173
11 56
11 173
11 174
12 57
12 175
12 176
13 58
13 176
14 60
14 178
14 179
15 60
15 180
16 62
16 181
16 182
17 62
17 63
17 182
18 63
18 64
18 184
18 185
19 64
19 65
19 185
19 186
19 187
20 64
20 66
20 187
20 188
21 65
21 66
21 189
21 190
22 66
22 67
22 68
22 190
22 191
23 67
23 68
23 69
23 192
23 193
24 68
24 69
24 193
24 194
24 195
25 69
25 71
25 195
26 70
26 72
26 197
27 71
27 73
27 198
27 200
28 71
28 74
28 200
29 72
29 73
29 75
29 203
30 76
30 203
30 204
30 205
31 74
31 77
31 205
31 206
31 207
32 75
32 207
32 208
33 76
33 79
33 209
34 76
34 77
34 212
35 77
35 81
36 78
37 79
37 83
38 80
39 81
39 85
40 81
41 82
42 83
43 84
43 89
44 85
45 86
46 86
46 87
47 87
48 88
49 89
50 90
51 91
52 91
53 92
54 93
55 94
56 94
56 95
57 95
58 96
60 97
60 98
61 98
62 99
63 100
64 76
64 100
64 101
65 76
65 77
65 101
65 102
66 76
66 102
67 76
67 77
67 78
67 103
68 77
68 78
68 79
68 103
69 77
69 78
69 79
69 104
69 105
70 77
70 78
70 80
70 105
71 78
71 79
71 80
71 81
71 106
72 78
72 80
72 107
73 78
73 80
73 81
73 82
73 107
73 108
74 79
74 82
74 108
75 79
75 83
75 109
76 79
76 83
76 84
76 110
77 80
77 84
77 110
78 80
78 111
79 80
79 85
79 111
79 112
80 80
80 86
80 112
81 86
82 81
83 81
83 88
83 114
83 115
84 116
85 82
85 89
85 117
86 82
86 89
86 116
86 117
87 90
87 117
87 118
88 -29
88 90
88 118
88 119
89 -29
89 91
89 119
89 120
90 -29
90 91
90 119
91 92
91 120
91 121
92 -28
92 121
92 122
93 93
93 122
94 122
95 94
95 123
95 124
96 -26
96 95
96 123
96 125
97 95
97 124
97 125
98 -26
98 126
99 -25
99 96
99 125
99 126
99 127
100 -25
100 127
101 -25
101 97
101 127
101 128
102 -24
102 128
102 129
103 -24
103 98
103 128
103 129
103 130
104 -24
104 129
105 -23
105 129
105 130
106 -23
106 130
106 131
106 132
107 -23
107 131
107 132
108 -22
108 131
108 132
108 133
109 -22
109 132
109 133
109 134
110 -21
110 133
110 134
111 -21
111 133
111 134
111 135
112 -21
112 134
112 135
112 136
113 -20
113 135
114 -20
114 135
114 136
114 137
115 136
115 138
116 -19
116 137
116 138
116 139
117 -19
117 137
117 138
117 139
118 -19
118 138
118 139
118 140
119 -18
119 139
119 140
119 141
120 139
120 140
120 141
121 140
121 141
121 142
122 -17
122 141
122 142
122 143
123 -17
123 141
123 142
123 143
124 -17
124 143
124 144
125 -16
125 142
125 143
125 144
125 145
126 -16
126 143
126 144
126 145
127 -15
127 144
127 145
127 146
128 -15
128 144
128 145
128 146
128 147
129 -15
129 145
129 146
129 147
130 -15
130 -14
130 147
130 148
131 146
131 147
131 148
131 149
132 -14
132 147
132 148
132 149
133 -13
133 147
133 148
133 149
133 150
134 -13
134 148
134 149
134 150
134 151
135 -13
135 149
135 150
135 151
136 -12
136 150
136 151
136 152
137 -12
137 150
137 151
137 152
137 153
138 -12
138 151
138 152
138 153
139 -11
139 151
139 152
139 153
139 154
140 -11
140 153
140 154
140 155
141 -11
141 -10
141 152
141 153
141 154
141 155
142 153
142 154
142 155
142 156
143 -10
143 154
143 155
143 156
143 157
144 -10
144 -9
144 154
144 155
144 156
144 157
145 -39
145 156
145 157
145 158
146 -39
146 -9
146 156
146 157
146 158
147 -38
147 -9
147 -8
147 156
147 157
147 158
147 159
148 -38
148 -8
148 157
148 158
148 159
148 160
149 -37
149 -8
149 157
149 158
149 159
149 160
149 161
150 -37
150 -8
150 -7
150 158
150 159
150 160
150 161
151 -7
151 159
151 160
151 162
152 -36
152 -7
152 159
152 160
152 162
153 -36
153 -7
153 -6
153 160
153 161
153 163
154 -36
154 -6
154 161
154 162
154 163
155 -35
155 -6
155 162
155 163
155 164
156 -35
156 -6
156 162
156 163
156 164
156 165
157 -35
157 -34
157 162
157 163
157 164
157 165
157 166
158 -34
158 -5
158 163
158 165
158 166
159 -34
159 -5
159 -4
159 163
159 164
159 165
159 166
159 167
160 -33
160 -4
160 164
160 165
160 166
160 167
160 168
161 -33
161 -3
161 165
161 166
161 167
161 168
162 -33
162 -3
162 165
162 166
162 167
162 168
162 169
163 -3
163 166
163 167
163 168
163 169
163 170
164 -32
164 -3
164 -2
164 166
164 167
164 168
164 170
165 -32
165 -2
165 167
165 169
165 170
165 171
166 -31
166 -2
166 168
166 169
166 170
166 171
166 172
167 -31
167 168
167 169
167 170
167 171
167 172
168 -31
168 -1
168 169
168 170
168 171
168 172
168 173
169 -1
169 169
169 170
169 171
169 172
170 -30
170 -1
170 0
170 170
170 171
170 172
170 173
170 174
171 -29
171 0
171 172
171 173
171 174
171 175
172 -29
172 171
172 172
172 173
172 175
173 -29
173 0
173 1
173 172
173 173
173 175
173 176
174 -28
174 1
174 172
174 173
174 174
174 175
174 176
174 177
175 1
175 173
175 174
175 175
175 176
175 177
176 -28
176 2
176 174
176 175
176 176
176 178
177 -27
177 2
177 175
177 176
177 177
177 178
177 179
178 -27
178 2
178 175
178 176
178 177
178 178
178 179
179 -27
179 2
179 3
179 175
179 176
179 178
179 179
179 180
180 3
180 176
180 177
180 178
180 179
180 180
180 181
181 -26
181 177
181 178
181 179
181 180
181 181
182 -26
182 3
182 4
182 177
182 178
182 179
182 180
182 181
183 -25
183 178
183 179
183 180
183 181
183 182
184 -25
184 4
184 178
184 181
184 182
184 183
185 -25
185 5
185 179
185 180
185 181
185 183
186 -24
186 5
186 180
186 181
186 183
186 184
187 -24
187 5
187 6
187 180
187 181
187 182
187 183
187 184
187 185
188 -24
188 5
188 6
188 181
188 182
188 183
188 184
188 185
188 186
189 -23
189 6
189 181
189 182
189 183
189 184
189 185
189 186
190 -23
190 6
190 7
190 182
190 183
190 184
190 185
190 186
190 187
191 6
191 7
191 182
191 183
191 184
191 185
191 186
191 187
191 188
192 -22
192 183
192 184
192 186
192 187
192 188
193 -22
193 7
193 184
193 185
193 186
193 187
193 188
193 189
194 7
194 8
194 184
194 185
194 186
194 187
194 188
194 189
195 -21
195 8
195 185
195 186
195 187
195 188
195 189
195 190
196 8
196 9
196 185
196 186
196 187
196 188
196 189
196 190
196 191
197 8
197 9
197 186
197 187
197 188
197 189
197 190
197 191
198 9
198 187
198 188
198 189
198 190
198 191
199 -20
199 9
199 10
199 187
199 188
199 189
199 190
199 191
199 192
199 193
200 10
200 188
200 189
200 190
200 191
200 192
201 10
201 188
201 189
201 190
201 191
201 192
201 193
201 194
202 -19
202 10
202 11
202 189
202 190
202 191
202 192
202 194
203 10
203 11
203 190
203 191
203 192
203 194
203 195
204 11
204 190
204 191
204 192
204 193
204 194
204 195
204 196
205 11
205 12
205 191
205 192
205 193
205 194
205 196
206 12
206 191
206 192
206 193
206 194
206 195
206 196
206 197
207 12
207 192
207 193
207 194
207 195
207 196
207 198
208 12
208 192
208 193
208 194
208 195
208 196
208 197
208 198
209 13
209 193
209 194
209 195
209 196
209 197
209 198
209 199
210 13
210 194
210 195
210 196
210 197
210 198
210 199
210 200
211 13
211 14
211 194
211 195
211 196
211 197
211 199
211 200
212 13
212 14
212 195
212 196
212 197
212 198
212 199
212 200
212 201
213 14
213 197
213 198
213 199
213 200
213 201
214 14
214 15
214 196
214 197
214 198
214 200
214 201
214 202
215 14
215 15
215 196
215 197
215 198
215 200
215 201
215 202
215 203
216 15
216 197
216 198
216 199
216 200
216 201
216 202
217 15
217 16
217 198
217 199
217 200
217 201
217 202
217 203
217 204
218 15
218 16
218 198
218 200
218 201
218 202
218 203
218 204
218 205
219 16
219 199
219 200
219 201
219 202
219 203
219 204
219 205
220 16
220 17
220 199
220 200
220 201
220 202
220 203
220 205
220 206
221 16
221 17
221 200
221 201
221 202
221 203
221 205
221 206
222 17
222 201
222 202
222 203
222 204
222 205
222 206
222 207
223 17
223 18
223 202
223 203
223 204
223 205
223 206
223 207
223 208
224 17
224 18
224 202
224 203
224 204
224 205
224 207
224 208
225 18
225 202
225 203
225 204
225 205
225 206
225 207
225 208
225 209
226 18
226 19
226 203
226 204
226 205
226 206
226 207
226 208
226 210
227 19
227 203
227 204
227 205
227 206
227 207
227 208
227 209
227 210
228 19
228 204
228 205
228 207
228 208
228 209
228 210
229 19
229 20
229 205
229 206
229 207
229 209
229 210
229 211
229 212
230 19
230 20
230 205
230 206
230 207
230 208
230 209
230 210
230 211
230 212
231 20
231 207
231 208
231 210
231 211
231 212
231 213
232 20
232 21
232 206
232 207
232 208
232 209
232 210
232 211
232 212
232 213
233 20
233 207
233 208
233 209
233 210
233 211
233 212
233 213
233 214
234 21
234 208
234 209
234 210
234 213
234 214
234 215
235 21
235 22
235 208
235 209
235 210
235 211
235 212
235 213
235 214
235 215
236 21
236 22
236 209
236 210
236 211
236 212
236 213
236 214
236 215
236 216
237 22
237 209
237 210
237 211
237 212
237 213
237 214
237 215
237 216
237 217
238 23
238 210
238 212
238 213
238 214
238 215
238 216
238 217
239 22
239 23
239 210
239 211
239 212
239 214
239 215
239 216
239 217
239 218
240 22
240 23
240 211
240 212
240 213
240 214
240 215
240 216
240 217
240 218
241 23
241 24
241 212
241 213
241 214
241 215
241 216
241 217
241 218
241 219
242 23
242 24
242 212
242 213
242 214
242 215
242 216
242 217
242 218
242 219
242 220
243 23
243 24
243 213
243 214
243 215
243 216
243 217
243 218
243 219
243 220
244 24
244 25
244 213
244 214
244 215
244 217
244 218
244 219
244 220
244 221
245 25
245 214
245 215
245 216
245 217
245 218
245 219
245 220
245 221
245 222
246 24
246 214
246 217
246 218
246 219
246 220
246 221
247 25
247 26
247 215
247 216
247 218
247 219
247 220
247 222
247 223
248 25
248 26
248 216
248 217
248 218
248 220
248 221
248 223
248 224
249 25
249 26
249 216
249 217
249 218
249 219
249 220
249 221
249 222
249 223
249 224
250 26
250 27
250 217
250 218
250 219
250 220
250 221
250 222
250 223
250 224
250 225
251 26
251 27
251 217
251 218
251 219
251 220
251 221
251 222
251 223
251 224
251 225
252 26
252 27
252 218
252 219
252 220
252 221
252 223
252 224
252 225
253 27
253 28
253 219
253 220
253 221
253 223
253 224
253 225
253 226
253 227
254 27
254 28
254 219
254 220
254 221
254 222
254 223
254 225
254 226
254 227
255 27
255 28
255 221
255 222
255 223
255 224
255 225
255 226
255 227
255 228
256 28
256 220
256 221
256 222
256 223
256 224
256 225
256 226
256 227
257 221
257 222
257 223
257 224
257 225
257 226
258 28
258 222
258 223
258 224
259 222
259 223
260 29
261 29
