313 395
367 197
367 198
369 189
369 190
370 184
437 514
438 513
438 514
438 515
439 513
439 515
439 516
440 513
440 515
440 516
441 514
441 515
441 518
442 514
442 515
442 516
442 518
443 516
443 517
443 518
444 516
444 517
444 518
445 516
445 518
445 519
446 512
446 517
446 519
446 521
447 511
447 518
447 519
447 521
448 519
448 520
448 521
448 522
449 519
449 523
450 521
450 522
450 523
451 520
451 521
451 522
451 524
452 522
452 525
453 522
453 524
453 526
454 524
454 525
454 526
454 527
455 524
455 526
455 527
456 524
456 526
456 527
457 525
457 527
457 528
458 527
458 530
459 527
459 530
459 531
460 529
460 530
460 531
461 529
461 530
461 531
462 530
462 531
462 532
462 533
462 534
463 534
463 535
464 196
464 536
465 194
471 183
477 173
479 170
481 167
483 164
486 160
493 151
577 447
579 449
580 449
580 450
582 450
582 451
583 452
584 451
584 452
584 453
585 452
585 453
586 453
587 453
587 455
588 455
589 455
589 456
590 455
590 456
590 457
591 456
591 457
591 458
592 457
592 458
593 457
593 458
594 459
594 460
595 459
595 460
596 460
597 461
597 462
598 461
598 462
598 463
599 153
599 155
599 157
599 461
599 462
599 463
600 154
600 156
600 158
600 162
600 163
600 463
600 464
601 156
601 158
601 159
601 160
601 162
601 165
601 166
601 463
601 465
602 154
602 158
602 160
602 162
602 163
602 165
602 166
602 168
602 463
602 465
603 155
603 157
603 159
603 160
603 161
603 163
603 164
603 166
603 167
603 169
603 170
603 464
603 465
603 466
604 157
604 159
604 162
604 163
604 165
604 166
604 168
604 169
604 171
604 172
604 465
604 466
604 467
605 162
605 163
605 164
605 166
605 167
605 169
605 170
605 171
605 172
605 173
605 465
605 466
605 467
605 468
606 165
606 166
606 168
606 169
606 170
606 171
606 172
606 173
606 174
606 175
606 466
606 467
606 468
607 167
607 169
607 170
607 171
607 173
607 174
607 176
607 467
607 468
607 469
608 172
608 173
608 175
608 176
608 177
608 467
608 468
608 469
608 470
609 171
609 172
609 173
609 174
609 175
609 176
609 177
609 178
609 179
609 468
609 469
610 173
610 175
610 176
610 177
610 178
610 179
610 180
610 469
610 470
610 471
611 175
611 177
611 178
611 179
611 180
611 181
611 469
611 470
611 471
611 472
612 176
612 177
612 179
612 180
612 182
612 470
612 471
612 472
612 473
613 178
613 179
613 180
613 182
613 183
613 470
613 471
613 472
613 473
614 179
614 180
614 181
614 183
614 184
614 471
614 472
614 473
614 474
615 181
615 182
615 183
615 184
615 185
615 472
615 473
615 474
615 475
616 181
616 183
616 184
616 185
616 472
616 473
616 474
616 475
617 184
617 185
617 186
617 187
617 473
617 475
618 183
618 184
618 185
618 186
618 187
618 473
618 474
618 475
618 476
618 477
619 184
619 185
619 186
619 188
619 189
619 474
619 475
619 476
619 477
620 185
620 188
620 189
620 475
620 478
621 186
621 187
621 188
621 189
621 190
621 475
621 476
621 477
621 478
621 479
622 188
622 189
622 190
622 191
622 476
622 477
622 478
622 479
622 480
623 188
623 189
623 190
623 191
623 192
623 476
623 477
623 478
623 479
623 480
624 188
624 189
624 190
624 191
624 192
624 193
624 477
624 478
624 479
624 480
624 481
625 189
625 190
625 191
625 193
625 478
625 480
625 481
625 482
626 191
626 192
626 193
626 478
626 479
626 480
626 481
626 482
627 193
627 194
627 195
627 479
627 480
627 481
627 482
627 483
628 192
628 193
628 194
628 195
628 480
628 481
628 482
628 483
628 484
629 192
629 193
629 194
629 195
629 196
629 480
629 481
629 482
629 483
629 484
630 193
630 194
630 195
630 196
630 481
630 482
630 483
630 484
630 485
631 194
631 195
631 196
631 197
631 482
631 483
631 484
631 485
631 486
632 194
632 195
632 197
632 198
632 482
632 484
632 485
632 486
633 195
633 196
633 197
633 198
633 482
633 483
633 484
633 485
633 486
633 487
634 196
634 198
634 199
634 483
634 484
634 485
634 487
634 488
635 196
635 197
635 198
635 199
635 485
635 486
635 487
635 488
636 197
636 198
636 200
636 201
636 485
636 486
636 487
636 488
636 489
637 198
637 199
637 200
637 201
637 402
637 486
637 487
637 488
637 489
637 490
638 198
638 199
638 200
638 201
638 202
638 402
638 403
638 486
638 488
638 489
638 490
639 199
639 200
639 202
639 402
639 403
639 404
639 487
639 488
639 489
639 490
639 491
640 200
640 201
640 203
640 402
640 403
640 404
640 405
640 488
640 489
640 490
640 491
641 200
641 201
641 202
641 203
641 204
641 402
641 403
641 404
641 405
641 488
641 489
641 490
641 491
641 492
641 493
642 201
642 202
642 203
642 402
642 403
642 404
642 405
642 406
642 489
642 490
642 491
642 492
643 201
643 202
643 203
643 204
643 402
643 403
643 404
643 405
643 406
643 490
643 491
643 492
643 493
643 494
644 202
644 203
644 204
644 205
644 402
644 404
644 405
644 406
644 407
644 490
644 492
644 493
644 494
644 495
645 202
645 203
645 204
645 205
645 206
645 403
645 404
645 405
645 406
645 491
645 493
645 494
645 495
646 203
646 205
646 206
646 402
646 403
646 404
646 405
646 406
646 407
646 408
646 491
646 492
646 493
646 494
646 495
647 204
647 205
647 206
647 402
647 403
647 404
647 406
647 407
647 408
647 492
647 493
647 494
647 495
647 496
648 204
648 205
648 206
648 207
648 402
648 403
648 407
648 408
648 493
648 494
648 495
648 496
648 497
649 205
649 206
649 207
649 208
649 402
649 403
649 407
649 408
649 409
649 493
649 494
649 495
649 496
649 497
649 498
650 205
650 206
650 207
650 208
650 402
650 403
650 408
650 409
650 494
650 495
650 496
650 497
650 498
650 499
651 206
651 207
651 208
651 209
651 402
651 403
651 408
651 409
651 410
651 494
651 495
651 496
651 497
651 498
651 499
652 207
652 208
652 209
652 402
652 410
652 495
652 497
652 498
652 499
652 500
653 207
653 208
653 209
653 210
653 402
653 403
653 409
653 410
653 411
653 496
653 497
653 498
653 499
653 500
653 501
654 207
654 208
654 209
654 403
654 410
654 411
654 496
654 497
654 498
654 499
654 500
654 501
655 208
655 210
655 211
655 403
655 410
655 411
655 412
655 497
655 498
655 499
655 500
655 501
655 502
656 208
656 209
656 210
656 403
656 411
656 412
656 498
656 500
656 501
656 502
656 503
657 209
657 210
657 211
657 212
657 403
657 411
657 498
657 499
657 500
657 501
657 502
657 503
658 210
658 211
658 212
658 403
658 411
658 412
658 499
658 500
658 501
658 502
658 503
658 504
659 210
659 211
659 212
659 213
659 403
659 404
659 412
659 413
659 499
659 500
659 501
659 502
659 503
659 504
659 505
660 211
660 212
660 213
660 403
660 404
660 412
660 413
660 414
660 500
660 502
660 503
660 505
661 211
661 212
661 214
661 404
661 413
661 414
661 501
661 502
661 503
661 504
661 505
661 506
662 212
662 213
662 214
662 404
662 413
662 414
662 415
662 501
662 503
662 504
662 505
662 507
663 211
663 212
663 213
663 214
663 215
663 403
663 404
663 414
663 415
663 502
663 503
663 505
663 506
663 507
664 212
664 213
664 214
664 215
664 403
664 404
664 414
664 415
664 502
664 503
664 504
664 505
664 506
664 507
664 508
665 213
665 214
665 215
665 404
665 414
665 415
665 503
665 504
665 505
665 506
665 507
665 508
665 509
666 213
666 214
666 215
666 216
666 415
666 416
666 504
666 505
666 506
666 507
666 508
666 509
667 213
667 214
667 215
667 404
667 415
667 416
667 417
667 504
667 505
667 506
667 507
667 508
667 509
667 510
668 214
668 215
668 216
668 217
668 404
668 416
668 417
668 505
668 506
668 507
668 508
668 509
668 510
669 215
669 216
669 217
669 404
669 416
669 417
669 505
669 506
669 507
669 508
669 509
669 510
669 511
670 215
670 216
670 218
670 404
670 416
670 417
670 418
670 506
670 507
670 509
670 511
670 512
671 215
671 216
671 217
671 218
671 404
671 417
671 418
671 507
671 508
671 510
671 511
671 512
671 513
672 215
672 216
672 217
672 218
672 404
672 417
672 418
672 507
672 508
672 510
672 511
672 512
672 513
673 216
673 217
673 218
673 219
673 404
673 405
673 418
673 419
673 508
673 509
673 510
673 511
673 512
673 513
673 514
674 216
674 217
674 218
674 219
674 404
674 405
674 418
674 419
674 508
674 510
674 511
674 512
674 513
674 514
674 515
675 217
675 218
675 219
675 220
675 405
675 418
675 419
675 420
675 509
675 510
675 511
675 513
675 514
675 515
676 217
676 218
676 219
676 220
676 404
676 419
676 420
676 510
676 512
676 513
676 514
676 515
676 516
677 217
677 218
677 219
677 220
677 419
677 420
677 421
677 510
677 511
677 512
677 513
677 514
677 515
677 516
678 218
678 219
678 220
678 221
678 405
678 420
678 421
678 511
678 512
678 513
678 514
678 515
678 516
678 517
679 218
679 219
679 220
679 221
679 405
679 421
679 512
679 513
679 514
679 515
679 516
679 517
679 518
680 219
680 220
680 221
680 222
680 420
680 421
680 422
680 512
680 513
680 514
680 515
680 516
680 518
680 519
681 219
681 220
681 221
681 222
681 421
681 422
681 513
681 514
681 515
681 516
681 517
681 518
681 519
682 219
682 220
682 221
682 222
682 421
682 422
682 423
682 513
682 514
682 515
682 516
682 517
682 518
682 519
682 520
683 220
683 221
683 222
683 223
683 405
683 422
683 423
683 514
683 515
683 516
683 518
683 519
683 520
683 521
684 220
684 221
684 222
684 223
684 422
684 423
684 515
684 516
684 517
684 518
684 519
684 520
684 521
685 221
685 222
685 223
685 422
685 423
685 424
685 515
685 516
685 517
685 518
685 519
685 520
685 521
685 522
686 221
686 222
686 223
686 224
686 423
686 424
686 516
686 517
686 518
686 519
686 520
686 521
686 522
686 523
687 221
687 222
687 223
687 224
687 423
687 424
687 516
687 517
687 518
687 519
687 520
687 521
687 522
687 523
688 222
688 223
688 423
688 424
688 425
688 517
688 518
688 519
688 520
688 521
688 522
688 523
688 524
689 222
689 223
689 224
689 225
689 424
689 425
689 517
689 518
689 519
689 520
689 521
689 522
689 524
689 525
690 222
690 223
690 224
690 225
690 425
690 518
690 519
690 520
690 521
690 522
690 523
690 524
691 223
691 224
691 225
691 226
691 425
691 519
691 520
691 521
691 522
691 523
691 524
691 526
692 223
692 225
692 226
692 425
692 426
692 519
692 520
692 521
692 523
692 525
692 526
692 527
693 223
693 224
693 225
693 226
693 425
693 426
693 520
693 521
693 522
693 523
693 524
693 525
693 526
693 527
694 224
694 225
694 226
694 227
694 426
694 520
694 522
694 523
694 524
694 525
694 526
694 527
694 528
695 224
695 225
695 226
695 227
695 426
695 427
695 521
695 522
695 523
695 524
695 525
695 526
695 527
695 528
695 529
696 224
696 225
696 226
696 227
696 427
696 522
696 523
696 524
696 525
696 527
696 528
696 529
697 225
697 226
697 227
697 228
697 427
697 522
697 523
697 524
697 525
697 527
697 528
697 529
697 530
698 225
698 226
698 227
698 228
698 427
698 428
698 523
698 524
698 525
698 526
698 527
698 528
698 529
698 530
698 531
699 226
699 227
699 228
699 428
699 523
699 524
699 525
699 526
699 527
699 528
699 529
699 530
699 531
700 226
700 227
700 228
700 229
700 524
700 525
700 526
700 527
700 528
700 529
700 530
700 531
700 532
701 226
701 227
701 228
701 229
701 428
701 524
701 525
701 526
701 527
701 528
701 529
701 530
701 531
701 532
701 533
702 227
702 228
702 229
702 429
702 525
702 526
702 527
702 528
702 529
702 530
702 531
702 532
702 533
703 227
703 228
703 229
703 230
703 429
703 526
703 527
703 528
703 531
703 532
703 533
703 534
704 227
704 228
704 229
704 526
704 527
704 528
704 529
704 530
704 531
704 532
704 533
704 534
704 535
705 228
705 229
705 230
705 430
705 527
705 528
705 529
705 530
705 531
705 532
705 533
705 534
705 535
706 228
706 229
706 230
706 231
706 430
706 527
706 528
706 530
706 531
706 532
706 533
706 534
706 535
706 536
707 228
707 229
707 231
707 528
707 530
707 531
707 532
707 533
707 534
707 535
707 536
707 537
708 228
708 229
708 230
708 231
708 431
708 529
708 530
708 531
708 532
708 533
708 534
708 535
708 536
708 537
709 229
709 230
709 231
709 232
709 431
709 529
709 530
709 531
709 534
709 535
709 536
709 537
709 538
710 230
710 231
710 232
710 530
710 531
710 532
710 533
710 534
710 535
710 536
710 537
710 538
710 539
711 229
711 230
711 231
711 232
711 530
711 531
711 532
711 533
711 534
711 535
711 536
711 537
711 538
711 539
712 231
712 232
712 531
712 532
712 533
712 534
712 535
712 536
712 537
712 538
712 539
712 540
713 230
713 231
713 232
713 532
713 533
713 534
713 535
713 536
713 537
713 538
713 539
713 540
713 541
714 230
714 231
714 232
714 532
714 533
714 534
714 535
714 536
714 537
714 538
714 539
714 540
715 231
715 232
715 533
715 534
715 535
715 536
715 537
715 538
716 231
716 232
716 533
716 534
716 535
716 536
716 537
717 231
717 232
717 534
717 535
717 536
718 534
718 535
