-47 548
-47 633
-46 632
-46 636
-45 630
-45 631
-44 544
-44 587
-44 629
-44 630
-44 633
-43 568
-43 628
-43 629
-43 632
-42 541
-42 627
-42 628
-42 631
-41 540
-41 558
-41 626
-41 643
-40 629
-39 537
-39 624
-39 628
-38 626
-37 534
-37 622
-37 625
-36 533
-36 621
-36 624
-35 558
-35 619
-35 623
-34 557
-34 618
-34 619
-34 621
-34 622
-33 617
-33 618
-33 621
-33 634
-32 616
-32 617
-32 619
-32 633
-31 553
-31 615
-31 616
-31 618
-30 614
-30 615
-30 617
-29 550
-29 613
-29 614
-29 615
-29 616
-28 521
-28 611
-28 612
-28 613
-27 610
-27 611
-27 612
-27 613
-26 546
-26 609
-26 610
-26 612
-26 626
-25 516
-25 608
-25 609
-25 610
-25 611
-24 543
-24 607
-24 608
-24 609
-23 513
-23 606
-23 607
-23 608
-22 604
-22 605
-22 607
-21 603
-21 604
-21 605
-21 606
-20 508
-20 602
-20 603
-20 604
-19 536
-19 601
-19 602
-19 603
-18 601
-18 602
-17 533
-17 598
-17 599
-17 600
-16 501
-16 597
-16 598
-16 599
-15 530
-15 596
-15 598
-15 613
-14 595
-14 596
-13 496
-13 594
-13 595
-12 494
-12 592
-12 593
-12 594
-11 591
-10 522
-10 590
-10 591
-9 589
-8 588
-6 483
-5 481
-5 514
-4 479
1 585
9 706
10 708
10 709
11 705
11 706
11 708
12 704
12 705
12 708
13 704
13 705
13 706
13 707
14 703
14 704
14 705
14 706
15 704
15 705
15 706
16 703
16 704
16 705
17 702
17 703
17 704
18 701
18 702
18 703
18 704
19 701
19 702
19 703
20 700
20 701
20 702
20 703
21 700
21 701
21 702
22 699
22 701
23 699
23 700
24 698
24 699
24 700
25 697
25 698
25 699
26 697
26 698
26 699
27 344
27 687
27 696
27 697
27 698
28 696
28 697
28 698
29 336
29 695
29 696
29 697
30 325
30 331
30 332
30 695
30 696
31 327
31 328
31 695
32 322
32 323
32 684
32 695
32 699
33 318
33 319
33 694
34 313
34 314
34 683
34 693
34 694
35 308
35 309
35 693
36 302
36 303
36 304
36 305
36 692
37 297
37 298
37 299
37 300
37 303
38 291
38 292
38 293
38 294
39 276
39 285
39 286
39 287
39 289
40 256
40 279
40 280
40 282
40 283
41 248
41 272
41 273
41 276
41 277
42 265
42 269
42 270
43 257
43 263
43 685
44 248
44 254
44 255
44 256
45 246
45 247
45 249
45 690
47 345
48 341
49 337
50 333
50 674
51 329
52 673
52 687
53 320
56 685
57 238
63 667
78 315
79 311
80 307
80 308
81 245
81 303
81 304
82 299
82 300
83 295
83 296
84 251
84 291
85 287
85 288
86 220
86 221
86 282
86 283
87 278
87 279
88 273
88 274
89 269
89 270
90 251
90 262
90 263
90 264
90 265
91 257
91 259
91 260
92 251
92 254
93 245
93 248
93 249
94 238
94 242
94 243
95 230
95 231
95 236
95 237
96 222
96 230
97 221
97 222
136 228
136 244
136 245
140 232
142 202
157 206
159 210
161 196
163 209
168 204
171 209
172 204
178 202
180 201
182 200
248 250
251 248
260 249
260 250
261 248
261 249
261 250
262 247
262 248
262 249
263 245
263 246
263 247
263 248
263 249
264 244
264 245
264 246
264 247
264 248
264 274
265 243
265 244
265 245
265 246
265 247
266 242
266 243
266 244
266 245
266 247
267 241
267 242
267 243
267 245
267 246
268 239
268 240
268 241
268 242
268 243
268 244
268 245
268 266
269 238
269 239
269 240
269 241
269 242
269 243
269 244
269 245
270 237
270 238
270 239
270 240
270 241
270 242
270 243
270 244
271 236
271 237
271 238
271 239
271 240
271 241
271 242
271 243
272 235
272 236
272 237
272 238
272 239
272 240
272 241
272 242
272 243
273 233
273 234
273 236
273 237
273 238
273 239
273 240
273 241
273 242
274 233
274 234
274 235
274 236
274 237
274 238
274 239
274 240
274 241
275 232
275 233
275 234
275 235
275 236
275 237
275 238
275 239
276 231
276 232
276 233
276 234
276 235
276 236
276 237
276 238
276 239
277 230
277 231
277 232
277 233
277 234
277 235
277 236
277 238
277 239
278 229
278 230
278 231
278 232
278 233
278 234
278 235
278 236
278 237
278 238
279 228
279 229
279 230
279 231
279 232
279 233
279 234
279 236
279 237
279 238
280 227
280 228
280 229
280 231
280 232
280 233
280 234
280 235
280 236
280 237
281 226
281 227
281 229
281 230
281 231
281 232
281 233
281 234
281 235
281 236
282 203
282 225
282 226
282 227
282 228
282 229
282 230
282 231
282 232
282 233
282 234
282 235
283 202
283 224
283 225
283 226
283 227
283 228
283 229
283 230
283 231
283 232
283 233
283 234
283 235
284 223
284 224
284 225
284 226
284 227
284 228
284 229
284 230
284 232
284 233
284 234
285 222
285 223
285 224
285 226
285 227
285 228
285 229
285 230
285 231
285 232
285 233
286 221
286 222
286 223
286 224
286 225
286 226
286 227
286 228
286 230
286 231
286 232
287 199
287 220
287 221
287 222
287 223
287 224
287 225
287 226
287 227
287 228
287 229
287 230
287 231
287 232
288 217
288 219
288 220
288 221
288 222
288 223
288 224
288 225
288 226
288 227
288 228
288 229
288 231
289 218
289 219
289 220
289 221
289 222
289 223
289 224
289 225
289 226
289 227
289 228
289 229
289 230
290 217
290 218
290 219
290 220
290 221
290 222
290 223
290 225
290 227
290 228
290 229
291 216
291 217
291 218
291 219
291 220
291 221
291 225
291 226
291 227
291 228
291 229
292 215
292 216
292 217
292 218
292 219
292 220
292 224
292 225
292 226
292 227
292 228
293 214
293 215
293 216
293 217
293 218
293 219
293 224
293 225
293 226
293 227
294 211
294 213
294 214
294 215
294 216
294 217
294 218
294 223
294 224
294 225
294 226
295 212
295 213
295 214
295 215
295 216
295 223
295 224
295 225
295 226
296 211
296 212
296 213
296 214
296 215
296 222
296 223
296 224
296 225
297 210
297 211
297 212
297 213
297 214
297 221
297 222
297 223
297 224
298 209
298 210
298 211
298 212
298 213
298 221
298 222
298 223
298 224
299 208
299 209
299 210
299 211
299 212
299 220
299 221
299 222
299 223
300 207
300 208
300 209
300 210
300 211
300 219
300 220
300 221
300 222
301 206
301 207
301 208
301 209
301 210
301 219
301 220
301 221
302 205
302 206
302 207
302 208
302 209
302 218
302 219
302 220
303 204
303 205
303 206
303 207
303 208
303 217
303 218
303 219
303 220
304 204
304 206
304 207
304 217
304 218
304 219
305 204
305 205
305 206
305 216
305 217
305 218
306 205
306 213
306 215
306 216
306 218
307 215
307 216
307 217
308 214
308 215
308 216
309 213
309 214
309 215
310 213
310 214
310 215
311 212
311 213
311 214
312 211
312 212
312 213
313 210
313 211
314 211
314 212
315 210
315 211
316 209
316 210
317 209
317 210
318 209
403 622
415 619
437 624
442 619
446 474
460 464
461 623
466 460
475 453
477 625
481 626
483 447
483 590
484 459
485 457
485 458
485 459
485 467
486 455
486 457
486 458
486 459
487 454
487 455
487 456
487 457
487 458
487 459
488 453
488 454
488 455
488 456
488 457
488 458
488 459
489 452
489 453
489 454
489 455
489 456
489 457
489 458
489 589
490 451
490 452
490 453
490 454
490 455
490 456
490 457
490 458
491 450
491 451
491 452
491 453
491 454
491 455
491 456
492 449
492 451
492 452
492 453
492 454
492 455
492 456
492 457
493 448
493 449
493 450
493 451
493 452
493 453
493 454
493 455
493 456
493 457
494 447
494 448
494 449
494 450
494 451
494 452
494 453
494 454
494 456
495 446
495 447
495 448
495 450
495 451
495 452
495 453
495 454
495 455
495 456
495 591
496 444
496 445
496 446
496 447
496 449
496 450
496 451
496 452
496 453
496 454
496 455
497 444
497 445
497 446
497 447
497 448
497 449
497 450
497 451
497 452
497 453
497 454
497 455
498 443
498 444
498 445
498 446
498 447
498 448
498 449
498 450
498 451
498 452
498 453
498 454
499 442
499 444
499 445
499 446
499 447
499 448
499 449
499 450
499 451
499 452
499 453
499 454
500 434
500 441
500 442
500 443
500 444
500 445
500 446
500 447
500 448
500 449
500 450
500 451
500 452
500 453
501 440
501 441
501 442
501 443
501 444
501 445
501 446
501 447
501 448
501 449
501 450
501 451
501 452
501 453
502 439
502 440
502 441
502 442
502 443
502 444
502 445
502 446
502 447
502 449
502 450
502 451
502 452
502 539
503 439
503 440
503 442
503 443
503 444
503 445
503 446
503 447
503 448
503 449
503 450
503 451
503 452
504 438
504 439
504 440
504 441
504 442
504 443
504 444
504 445
504 446
504 447
504 448
504 449
504 450
504 451
505 437
505 438
505 439
505 440
505 441
505 442
505 443
505 445
505 446
505 447
505 448
505 449
505 450
506 436
506 437
506 438
506 439
506 440
506 441
506 442
506 443
506 444
506 445
506 446
506 447
506 449
506 450
506 543
507 435
507 436
507 437
507 438
507 439
507 440
507 441
507 442
507 443
507 444
507 445
507 446
507 447
507 448
507 449
507 538
508 434
508 435
508 436
508 437
508 438
508 439
508 440
508 443
508 444
508 445
508 446
508 447
508 449
509 433
509 434
509 435
509 436
509 437
509 438
509 443
509 444
509 445
509 446
509 447
509 448
510 436
510 437
510 442
510 443
510 444
510 445
510 446
510 447
511 442
511 443
511 444
511 445
511 446
511 447
