223 112
224 111
226 109
227 108
228 107
229 106
230 105
231 104
231 105
232 103
232 104
233 102
233 103
234 101
234 102
235 100
235 101
236 100
237 97
237 99
238 96
238 97
238 98
239 95
239 96
240 94
240 95
241 93
241 94
242 92
242 93
243 91
243 92
244 90
244 91
245 89
245 90
246 87
246 88
246 89
247 86
247 87
247 88
248 85
248 86
248 87
249 84
249 85
250 83
250 84
251 82
251 83
252 80
252 81
252 82
253 79
253 80
253 81
254 78
254 79
254 80
255 77
255 78
256 76
257 74
257 75
257 76
258 73
258 74
258 75
259 72
259 73
259 74
260 70
260 71
260 72
261 69
261 70
261 71
262 68
262 69
262 70
263 66
263 67
263 68
263 69
264 65
264 66
265 65
265 66
266 62
266 63
266 64
267 61
267 62
268 61
268 62
269 58
269 59
269 60
269 61
270 57
270 58
270 59
271 55
271 56
271 57
271 58
272 54
272 55
272 56
273 52
273 54
273 55
274 52
274 53
274 54
275 49
275 50
275 51
275 52
276 48
276 49
276 51
277 46
277 47
277 48
277 49
278 45
278 46
278 47
278 48
279 43
279 44
279 45
279 46
280 42
280 43
280 44
280 45
281 40
281 42
281 43
282 39
282 40
282 41
283 36
283 37
283 38
283 39
283 40
284 35
284 36
284 37
284 38
285 33
285 35
285 36
285 37
286 31
286 32
286 33
286 34
287 29
287 30
287 31
287 32
288 27
288 28
288 29
288 30
288 31
289 25
289 26
289 27
289 28
289 29
289 30
290 23
290 24
290 25
290 26
290 28
291 21
291 23
291 24
291 25
291 26
292 19
292 20
292 21
292 22
292 23
292 24
293 17
293 20
293 21
293 22
294 14
294 15
294 16
294 17
294 18
295 12
295 13
295 14
295 15
295 16
295 17
295 18
296 10
296 11
296 12
296 13
296 14
296 16
297 8
297 10
297 11
297 12
297 13
297 14
298 5
298 7
298 8
298 9
298 10
298 11
298 12
299 2
299 3
299 4
299 6
299 7
299 8
299 9
300 1
300 2
300 3
300 4
300 5
300 6
300 7
301 -3
301 -2
301 -1
301 0
301 1
301 2
301 3
301 4
301 5
302 -4
302 -2
302 -1
302 0
302 2
302 3
303 -7
303 -6
303 -5
303 -3
303 -2
303 -1
303 0
304 -11
304 -10
304 -9
304 -7
304 -6
304 -5
304 -4
304 -3
304 -2
305 -15
305 -13
305 -12
305 -11
305 -9
305 -8
305 -7
305 -6
305 -5
306 -19
306 -18
306 -17
306 -16
306 -15
306 -14
306 -13
306 -12
306 -11
306 -10
306 -9
306 -8
307 -23
307 -21
307 -20
307 -19
307 -18
307 -17
307 -16
307 -15
307 -14
307 -13
307 -12
307 -11
308 -27
308 -26
308 -25
308 -24
308 -23
308 -22
308 -21
308 -20
308 -17
308 -16
308 -15
308 -14
309 -31
309 -30
309 -28
309 -26
309 -25
309 -24
309 -22
309 -21
309 -20
309 -19
309 -18
309 -17
310 -33
310 -32
310 -30
310 -29
310 -28
310 -25
310 -24
310 -23
310 -21
310 -20
311 -33
311 -32
311 -30
311 -29
311 -28
311 -27
311 -26
311 -24
312 -35
312 -34
312 -33
312 -32
312 -31
312 -30
312 -29
312 -28
312 -27
313 -36
313 -34
313 -33
313 -32
314 -36
314 11
315 9
316 8
317 6
318 4
319 1
319 2
319 3
320 -1
321 -4
321 -3
321 -2
322 -6
322 -5
323 -8
323 -6
324 -10
324 -9
325 -13
325 -12
325 -11
326 -16
326 -15
327 -19
327 -18
327 -17
327 -16
328 -21
328 -20
329 -24
329 -23
329 -22
330 -27
330 -25
330 -24
331 -31
331 -30
331 -29
331 -28
332 -34
332 -33
332 -32
332 -31
332 -30
333 -37
333 -35
333 -34
333 -33
334 -41
334 -38
334 -37
335 -45
335 -44
335 -43
335 -42
335 -41
335 -40
336 -50
336 -49
336 -48
336 -47
336 -45
336 -44
337 -54
337 -52
337 -51
337 -50
337 -49
338 -55
338 -54
338 178
344 289
344 291
344 292
344 293
344 295
344 297
345 263
345 264
345 265
345 270
345 274
345 278
345 281
345 282
345 284
345 285
345 286
345 287
345 288
345 289
345 290
345 291
345 292
345 294
345 295
345 296
346 260
346 261
346 262
346 263
346 265
346 266
346 267
346 268
346 269
346 271
346 272
346 273
346 276
346 277
346 278
346 281
346 282
346 285
346 286
346 287
346 289
346 290
346 291
346 292
346 293
346 295
346 296
347 174
347 259
347 260
347 261
347 262
347 263
347 264
347 265
347 266
347 267
347 268
347 269
347 270
347 271
347 273
347 274
347 275
347 276
347 277
347 278
347 279
347 280
347 281
347 283
347 284
347 285
347 289
347 291
347 292
347 293
347 295
347 296
347 297
347 298
348 258
348 259
348 260
348 261
348 263
348 264
348 265
348 266
348 267
348 268
348 270
348 271
348 272
348 273
348 274
348 275
348 277
348 278
348 279
348 281
348 283
348 284
348 285
348 286
348 287
348 289
348 290
348 292
348 293
348 294
348 296
348 297
349 258
349 259
349 260
349 261
349 262
349 263
349 264
349 266
349 267
349 268
349 269
349 270
349 271
349 272
349 273
349 274
349 275
349 276
349 278
349 279
349 280
349 282
349 283
349 284
349 285
349 286
349 287
349 288
349 289
349 290
349 291
349 293
350 266
350 267
350 268
350 269
350 271
350 272
350 274
350 275
350 276
350 277
350 278
350 279
350 280
350 281
350 283
350 286
352 34
352 170
353 281
353 283
354 31
354 279
356 195
357 27
359 24
361 21
361 138
362 137
363 18
364 16
364 135
366 13
368 10
368 233
368 308
369 232
369 233
369 235
369 236
369 237
369 302
369 303
369 305
369 306
369 308
369 309
369 310
370 6
370 154
370 234
370 235
370 236
370 238
370 239
370 240
370 242
370 243
370 245
370 296
370 297
370 299
370 300
370 302
370 303
370 304
370 305
370 306
370 308
371 153
371 239
371 240
371 242
371 243
371 244
371 245
371 246
371 247
371 248
371 250
371 251
371 252
371 253
371 254
371 255
371 256
371 281
371 284
371 286
371 287
371 288
371 289
371 290
371 292
371 293
371 294
371 295
371 296
371 298
371 299
371 301
371 302
371 304
372 3
372 152
372 246
372 247
372 248
372 249
372 250
372 251
372 252
372 253
372 254
372 255
372 256
372 257
372 258
372 259
372 260
372 261
372 263
372 264
372 266
372 267
372 268
372 269
372 270
372 272
372 273
372 274
372 277
372 278
372 279
372 282
372 283
372 284
372 285
372 286
372 287
372 288
372 290
372 291
372 293
372 294
372 295
372 296
373 258
373 259
373 260
373 261
373 262
373 264
373 265
373 266
373 270
373 271
373 272
373 273
373 275
373 276
373 277
373 278
373 279
373 282
373 283
373 285
374 150
375 -3
375 149
376 148
377 147
379 24
379 186
380 22
380 184
380 185
381 22
381 183
381 184
382 19
382 182
382 183
383 19
383 176
383 180
383 182
384 16
384 175
384 179
384 180
384 181
385 16
385 178
385 179
385 180
386 12
386 14
386 173
386 177
386 179
387 12
387 176
387 177
387 178
388 8
388 9
388 176
388 177
389 6
389 7
389 134
389 174
389 176
389 267
389 274
389 278
389 288
390 4
390 5
390 6
390 173
390 174
391 3
391 172
391 173
392 166
392 172
393 165
393 170
394 -4
394 -3
394 -2
394 128
394 168
394 170
395 -6
395 167
395 168
396 -8
396 -6
396 166
396 167
396 168
397 -9
397 160
397 165
397 167
398 -12
398 -11
398 159
398 164
398 165
398 166
399 -15
399 -13
399 -12
399 163
399 164
399 165
400 -17
400 -16
400 161
400 162
400 163
401 -18
401 155
401 160
401 161
401 162
402 -22
402 -21
402 159
402 160
402 161
403 -23
403 158
403 159
403 160
404 -26
404 151
404 157
404 158
405 -29
405 155
405 156
405 157
405 163
406 154
406 155
406 156
407 -35
407 -32
407 147
407 153
407 154
407 155
408 -38
408 -36
408 -35
408 151
408 153
409 -40
409 -39
409 -38
409 108
409 150
409 152
409 153
410 -43
410 -42
410 -41
410 149
410 150
410 151
411 -49
411 -48
411 -47
411 -46
411 -44
411 105
411 147
411 148
411 150
412 -53
412 -49
412 -47
412 140
412 147
412 148
412 149
413 -53
413 -52
413 -51
413 -50
413 144
413 145
413 146
413 147
413 151
414 -55
414 -54
414 137
414 143
414 144
414 145
415 142
415 144
415 145
416 134
416 140
416 142
416 143
417 140
417 142
418 138
418 139
418 140
418 144
419 92
419 129
419 136
419 137
419 138
419 139
420 134
420 135
420 137
421 133
421 134
421 135
421 136
422 124
422 131
422 132
422 133
422 135
423 129
423 130
423 131
423 132
423 133
423 134
424 83
424 129
424 130
424 131
424 132
424 133
425 81
425 119
425 126
425 127
425 128
425 130
426 124
426 125
426 126
426 127
426 128
426 129
426 130
426 132
427 122
427 123
427 124
427 125
427 126
427 127
427 128
427 129
428 72
428 75
428 121
428 122
428 123
428 124
428 125
428 126
428 127
428 129
428 134
429 73
429 119
429 120
429 121
429 122
429 123
429 125
429 126
429 131
429 132
430 117
430 119
430 120
430 121
430 122
430 123
430 124
430 125
430 127
430 128
430 129
430 130
431 115
431 116
431 117
431 120
431 121
431 122
431 123
431 124
431 125
431 126
431 127
431 128
432 113
432 114
432 115
432 116
432 117
432 118
432 119
432 120
432 121
432 122
432 123
432 124
432 125
432 126
433 64
433 112
433 113
433 114
433 115
433 117
433 118
433 119
433 120
433 122
433 123
433 124
434 109
434 111
434 113
434 114
434 116
434 117
434 118
434 119
434 120
434 121
434 122
435 107
435 108
435 109
435 110
435 111
435 112
435 113
435 116
435 117
435 118
435 119
436 105
436 106
436 107
436 108
436 109
436 111
436 112
436 113
436 114
436 116
436 117
437 54
437 103
437 104
437 105
437 106
437 107
437 108
437 109
437 110
437 111
437 112
437 113
437 114
437 115
438 98
438 101
438 102
438 103
438 104
438 105
438 106
438 107
438 109
438 110
438 111
438 112
439 98
439 99
439 100
439 101
439 102
439 104
439 105
439 107
439 108
439 109
439 110
440 88
440 96
440 97
440 98
440 99
440 101
440 103
440 105
440 106
440 108
441 94
441 95
441 97
441 98
441 99
441 100
441 101
441 102
441 103
441 105
441 106
442 83
442 92
442 93
442 94
442 95
442 96
442 98
442 99
442 100
442 101
442 102
442 103
443 79
443 80
443 89
443 90
443 91
443 92
443 94
443 95
443 96
443 97
443 98
443 99
443 100
443 101
444 86
444 87
444 88
444 90
444 91
444 92
444 93
444 95
444 96
444 97
444 98
444 281
444 283
445 75
445 83
445 84
445 85
445 86
445 88
445 89
445 90
445 91
445 92
445 93
445 94
445 95
445 96
445 267
445 268
445 270
446 72
446 80
446 81
446 82
446 83
446 84
446 85
446 86
446 87
446 88
446 89
446 91
446 93
446 249
447 22
447 69
447 77
447 79
447 80
447 81
447 83
447 84
447 85
447 86
447 87
447 88
447 89
447 90
447 235
447 237
447 238
448 66
448 74
448 75
448 76
448 77
448 78
448 80
448 81
448 82
448 83
448 85
448 86
448 87
448 202
448 219
448 220
448 221
448 222
448 223
448 224
448 225
449 71
449 72
449 73
449 74
449 75
449 77
449 78
449 79
449 80
449 81
449 82
449 83
449 84
449 206
449 207
449 208
450 68
450 69
450 70
450 71
450 72
450 73
450 74
450 75
450 76
450 78
450 79
450 80
450 81
450 82
450 197
450 199
450 200
451 56
451 67
451 68
451 69
451 70
451 71
451 72
451 74
451 76
451 77
451 78
451 79
451 189
451 190
451 191
451 193
451 339
451 340
452 62
452 63
452 64
452 65
452 66
452 67
452 69
452 70
452 71
452 72
452 73
452 74
452 75
452 76
452 183
452 184
452 330
452 332
452 333
452 336
453 57
453 58
453 59
453 60
453 62
453 63
453 64
453 65
453 66
453 67
453 68
453 69
453 70
453 72
453 176
453 178
453 315
453 317
453 318
453 319
453 320
453 321
453 322
453 323
453 324
453 325
454 -16
454 53
454 54
454 56
454 57
454 58
454 59
454 60
454 61
454 62
454 63
454 64
454 65
454 66
454 67
454 68
454 69
454 169
454 171
454 302
454 304
454 307
454 308
454 309
454 311
454 313
455 50
455 51
455 52
455 53
455 55
455 56
455 57
455 63
455 64
455 65
455 66
455 165
455 289
455 291
455 293
455 294
455 295
455 297
455 298
455 300
455 302
456 36
456 45
456 46
456 47
456 48
456 49
456 60
456 61
456 62
456 160
456 273
456 274
456 276
456 277
456 279
456 280
456 281
456 283
456 284
456 285
456 287
457 40
457 41
457 42
457 43
457 44
457 45
457 46
457 57
457 58
457 59
457 260
457 261
457 262
457 263
457 264
457 267
457 268
457 270
457 271
458 35
458 37
458 38
458 39
458 55
458 149
458 245
458 247
458 248
458 249
458 251
458 252
458 253
459 30
459 31
459 32
459 33
459 34
459 35
459 139
459 145
459 229
459 233
459 235
459 242
460 16
460 24
460 25
460 27
460 28
460 29
460 141
460 221
460 223
460 225
460 227
461 18
461 19
461 21
461 22
461 136
461 137
461 207
461 208
461 210
461 213
461 215
461 217
462 11
462 12
462 13
462 15
462 16
462 197
462 206
463 -5
463 4
463 5
463 6
463 7
463 8
463 127
463 128
463 192
463 195
463 196
464 -14
464 -5
464 -4
464 -1
464 123
464 124
464 185
465 -14
465 -13
465 -10
465 120
465 164
466 167
466 169
467 112
468 108
469 104
469 142
474 82
474 83
475 78
477 69
478 64
479 60
479 93
480 54
480 82
480 86
480 87
481 49
481 81
481 82
482 76
482 77
484 31
484 61
485 54
485 271
485 277
486 206
486 254
486 261
486 262
486 263
487 34
487 41
487 42
487 244
487 246
488 25
488 226
488 227
488 228
489 198
489 207
489 209
489 210
489 212
489 213
489 214
489 215
490 12
490 13
490 190
490 192
490 193
490 194
490 195
490 196
490 198
490 199
491 1
491 2
491 3
491 173
491 174
493 -24
493 -23
494 -40
494 -39
496 54
496 56
496 57
497 30
497 35
498 4
499 173
499 174
499 176
499 178
499 181
499 183
499 184
499 187
499 189
499 192
499 194
499 195
499 199
499 200
499 202
499 204
499 207
499 210
499 212
502 146
502 148
502 149
502 152
502 153
502 155
502 156
502 158
503 -12
503 184
503 185
503 186
503 188
503 189
503 190
503 192
504 214
504 215
504 218
505 237
505 238
505 239
506 254
506 256
507 271
510 -48
510 -47
510 -44
510 -43
510 13
510 15
510 16
510 17
510 18
510 19
511 35
511 36
511 37
511 39
512 43
512 49
512 52
513 10
513 59
513 60
513 61
514 22
514 69
514 71
514 72
515 34
515 76
515 78
515 79
515 81
516 43
516 81
516 85
516 87
516 88
516 89
517 50
517 51
517 88
517 92
517 94
517 95
517 96
518 58
518 99
518 101
518 102
518 103
519 64
519 105
519 107
519 108
519 109
520 70
520 112
520 113
520 114
520 116
521 74
521 75
521 116
521 118
521 122
522 80
522 120
522 125
522 127
522 129
523 126
523 130
523 132
523 133
523 134
524 90
524 136
524 137
524 138
524 139
524 140
524 142
525 96
525 142
525 145
525 147
525 148
526 99
526 100
526 149
526 150
526 151
526 153
526 155
527 103
527 104
527 150
527 155
527 156
527 157
527 158
527 159
527 160
527 161
527 162
528 102
528 161
528 162
528 168
528 169
529 112
529 113
529 169
529 171
529 172
529 173
529 174
529 175
529 176
529 177
529 178
530 116
530 117
530 171
530 178
530 181
530 182
530 185
530 186
531 111
531 121
531 122
531 177
531 184
531 187
531 188
531 190
531 191
531 192
531 193
531 194
531 195
532 125
532 184
532 185
532 194
532 196
532 197
532 198
532 199
532 201
532 202
532 203
532 204
533 129
533 130
533 203
533 205
533 206
533 207
533 208
533 209
533 210
533 211
533 212
533 214
533 215
533 217
534 135
534 214
534 215
534 216
534 218
534 221
534 222
534 223
534 224
534 225
534 227
535 -23
535 -22
535 -21
535 -20
535 -19
535 -18
535 -17
535 -16
535 -14
535 -13
535 -11
535 -10
535 -8
535 -7
535 -5
535 -4
535 -3
535 -1
535 1
535 2
535 3
535 6
535 139
535 226
535 227
535 228
535 229
535 231
535 232
535 233
535 234
535 235
535 238
535 239
535 243
535 244
536 -24
536 -23
536 -5
536 -4
536 -1
536 14
536 15
536 17
536 18
536 19
536 20
536 21
536 23
536 24
536 25
536 143
536 144
536 223
536 238
536 239
536 241
536 243
536 245
536 246
536 247
536 248
536 249
536 250
536 252
536 253
536 254
536 258
537 17
537 28
537 29
537 30
537 31
537 32
537 33
537 34
537 35
537 36
537 37
537 148
537 149
537 242
537 255
537 256
537 257
537 258
537 259
537 260
537 261
537 262
537 263
537 264
537 265
537 266
537 267
537 268
537 269
537 271
537 272
538 29
538 37
538 38
538 39
538 40
538 41
538 42
538 43
538 44
538 45
538 46
538 152
538 273
538 274
538 275
538 277
538 278
538 279
538 281
538 282
538 283
538 285
538 287
539 -49
539 37
539 45
539 46
539 47
539 48
539 49
539 50
539 52
539 53
539 54
539 147
539 157
539 159
539 286
539 289
539 290
539 291
539 293
539 294
539 296
539 297
539 298
540 44
540 52
540 53
540 54
540 55
540 56
540 57
540 59
540 60
540 61
540 163
540 164
540 165
540 302
540 303
540 304
540 305
540 307
540 308
540 309
540 311
540 313
541 51
541 58
541 60
541 61
541 62
541 63
541 64
541 65
541 66
541 67
541 153
541 169
541 170
541 171
541 312
541 315
541 316
541 317
541 318
541 319
541 320
541 323
542 56
542 63
542 64
542 65
542 66
542 67
542 68
542 69
542 70
542 71
542 73
542 163
542 174
542 175
542 176
542 178
542 324
542 327
542 328
542 329
542 332
543 61
543 69
543 70
543 71
543 73
543 74
543 75
543 76
543 77
543 78
543 181
543 183
543 184
543 333
543 334
543 335
543 336
543 337
543 338
543 339
544 66
544 73
544 75
544 76
544 77
544 78
544 80
544 82
544 83
544 84
544 85
544 87
544 187
544 189
544 191
544 341
544 343
544 344
545 77
545 78
545 79
545 80
545 81
545 82
545 83
545 84
545 85
545 86
545 87
545 88
545 89
545 90
545 197
545 198
545 200
545 201
546 81
546 82
546 83
546 85
546 86
546 87
546 88
546 90
546 92
546 93
546 94
546 208
547 -1
547 78
547 85
547 86
547 88
547 90
547 91
547 92
547 93
547 95
547 96
547 217
547 218
547 219
547 220
547 221
547 222
547 223
548 82
548 89
548 90
548 91
548 92
548 93
548 95
548 96
548 97
548 98
548 99
548 100
548 231
548 232
548 235
548 237
549 20
549 21
549 92
549 93
549 95
549 96
549 97
549 98
549 99
549 100
549 101
549 102
549 103
549 247
549 251
549 252
549 254
549 255
549 259
550 27
550 95
550 97
550 98
550 99
550 100
550 101
550 102
550 103
550 105
550 106
550 264
550 267
550 271
551 33
551 92
551 93
551 98
551 99
551 100
551 101
551 103
551 104
551 105
551 106
551 107
551 108
551 109
552 36
552 95
552 101
552 102
552 103
552 104
552 106
552 107
552 108
552 109
552 110
552 111
552 112
553 43
553 98
553 104
553 105
553 106
553 108
553 109
553 110
553 111
553 112
553 113
553 114
554 101
554 107
554 108
554 109
554 110
554 111
554 113
554 114
554 115
554 116
554 117
555 110
555 111
555 112
555 114
555 115
555 116
555 117
555 118
555 119
555 120
556 106
556 112
556 114
556 115
556 116
556 117
556 118
556 119
556 120
556 121
556 122
557 109
557 115
557 116
557 117
557 118
557 119
557 120
557 121
557 122
557 123
557 124
557 125
558 111
558 117
558 118
558 119
558 120
558 121
558 123
558 124
558 125
558 126
559 120
559 121
559 122
559 123
559 124
559 125
559 126
559 128
559 129
559 130
560 116
560 123
560 124
560 125
560 126
560 127
560 128
560 129
560 130
560 131
561 124
561 125
561 126
561 127
561 128
561 129
561 130
561 131
561 132
562 126
562 127
562 128
562 129
562 130
562 131
562 132
562 133
562 134
563 128
563 129
563 130
563 131
563 133
563 136
564 125
564 130
564 131
564 132
564 135
564 136
564 137
565 127
565 132
565 134
565 135
565 136
565 137
565 139
566 129
566 134
566 135
566 136
566 137
566 138
566 139
566 140
566 141
567 87
567 131
567 138
567 139
567 140
567 141
568 133
568 138
568 140
568 141
568 142
568 143
569 135
569 140
569 141
569 142
569 143
569 144
570 142
570 144
570 145
570 146
570 147
571 96
571 143
571 144
571 145
571 146
571 147
571 148
572 98
572 145
572 146
572 147
572 148
572 149
572 150
573 142
573 147
573 148
573 149
573 150
573 151
574 144
574 149
574 151
574 152
574 153
575 104
575 151
575 152
575 153
575 154
576 152
576 153
576 154
576 155
577 149
577 153
577 155
577 156
577 157
578 155
578 156
578 158
578 159
579 152
579 157
579 158
579 159
579 160
580 113
580 154
580 158
580 159
580 160
580 162
581 160
581 161
581 162
581 163
582 161
582 163
582 164
583 118
583 164
583 165
584 160
584 166
584 167
585 165
585 167
585 168
586 163
586 167
586 168
586 169
586 170
587 164
587 168
587 169
587 170
587 171
587 176
588 126
588 170
588 171
588 172
589 167
589 171
589 172
589 173
589 174
590 172
590 173
590 174
590 175
591 174
591 175
591 176
592 171
592 176
593 177
593 178
593 179
594 174
594 177
594 178
594 179
595 136
595 175
595 179
595 180
595 181
596 182
597 -55
597 -54
597 -53
597 182
597 183
598 -53
598 -52
598 -50
598 -49
598 -48
598 140
598 179
598 182
598 183
598 184
598 185
599 -49
599 -47
599 -45
599 180
599 184
599 186
600 -46
600 -45
600 -43
600 -42
600 -41
600 186
600 187
601 -43
601 -42
601 -41
601 -39
601 -38
601 144
601 186
601 187
601 188
602 -39
602 -38
602 -37
602 -36
602 -35
602 184
602 187
602 188
602 189
603 -35
603 -34
603 -33
603 -32
603 188
603 189
603 190
604 -32
604 -31
604 -30
604 186
604 189
604 190
605 -30
605 -28
605 -26
605 191
605 192
606 -27
606 -25
606 -24
606 -23
606 192
606 193
606 194
607 -25
607 -24
607 -23
607 -22
607 -21
607 194
607 195
608 -22
608 -20
608 -19
608 -18
608 191
608 194
608 195
608 196
609 -19
609 -18
609 -17
609 -16
609 192
609 195
609 196
609 197
610 -17
610 -16
610 -15
610 -14
610 193
610 196
610 197
610 198
611 -14
611 -13
611 -12
611 -11
611 156
611 197
611 198
611 199
612 -12
612 -11
612 -10
612 -9
612 -8
612 156
612 157
612 198
612 199
613 -9
613 -8
613 -7
613 -6
613 199
613 200
613 282
614 -7
614 -6
614 -5
614 200
614 201
614 202
615 -5
615 -4
615 -3
615 -2
615 201
615 202
615 203
616 -3
616 -2
616 -1
616 0
616 203
616 204
617 -1
617 0
617 1
617 2
617 3
617 204
617 205
617 212
618 1
618 3
618 4
618 5
618 206
619 3
619 5
619 6
619 7
619 206
619 207
620 5
620 6
620 7
620 8
620 9
620 207
620 208
621 7
621 8
621 9
621 10
621 11
621 208
621 209
622 9
622 10
622 11
622 12
622 13
622 209
622 210
622 290
623 11
623 12
623 13
623 14
623 211
623 276
623 277
623 278
623 280
623 281
623 283
623 284
623 285
623 287
623 288
623 289
623 290
623 292
623 293
623 294
623 295
623 297
623 298
623 299
623 300
623 302
623 303
623 305
623 307
624 13
624 14
624 15
624 16
624 212
624 268
624 269
624 270
624 271
624 272
624 273
624 274
624 276
624 277
624 278
624 280
624 281
624 282
624 283
624 284
624 285
624 286
624 287
624 288
624 289
624 291
624 292
624 293
624 294
624 296
624 297
624 298
624 299
624 300
624 301
624 302
624 303
624 304
624 305
624 307
624 308
624 309
624 310
624 311
624 312
624 313
625 16
625 17
625 212
625 213
625 263
625 266
625 268
625 269
625 270
625 271
625 272
625 274
625 276
625 301
625 303
625 305
625 306
625 308
625 309
625 310
625 312
625 313
625 315
625 316
625 318
626 17
626 18
626 19
626 20
626 212
626 213
626 214
626 260
626 261
626 262
626 263
626 265
626 266
626 267
626 313
626 314
626 316
626 317
626 318
626 319
626 320
626 322
626 323
626 324
627 19
627 20
627 22
627 213
627 214
627 215
627 257
627 259
627 260
627 261
627 319
627 321
627 322
627 325
627 326
627 327
628 20
628 21
628 22
628 23
628 214
628 215
628 216
628 255
628 256
628 257
628 258
628 259
628 260
629 22
629 23
629 24
629 25
629 255
629 256
629 257
630 26
630 27
630 255
631 26
631 27
631 29
632 27
632 28
632 30
633 29
633 32
634 31
634 32
634 33
635 32
635 33
635 35
635 211
636 34
636 36
636 37
636 181
636 212
637 35
637 36
638 38
638 39
638 40
638 183
639 41
640 3
640 40
640 41
640 42
641 5
641 41
641 43
642 7
642 43
642 44
642 45
643 44
643 285
643 286
643 288
643 289
643 290
643 292
643 293
643 294
643 297
643 298
643 299
643 301
643 302
643 303
643 304
643 306
643 308
644 10
644 47
644 188
644 282
644 283
644 284
644 285
644 286
644 287
644 288
644 289
644 290
644 291
644 292
644 294
644 295
644 296
644 297
644 298
644 299
644 300
644 302
644 303
644 304
644 306
644 307
644 308
644 310
644 311
644 312
644 313
644 314
645 47
645 48
645 50
645 189
645 280
645 281
645 282
645 283
645 285
645 286
645 287
645 288
645 290
645 291
645 292
645 293
645 295
645 297
645 298
645 299
645 301
645 302
645 303
645 305
645 306
645 307
645 308
645 309
645 311
645 312
645 313
645 315
645 316
645 317
646 14
646 49
646 50
646 51
646 279
646 280
646 281
646 282
646 283
646 284
646 285
646 286
646 287
646 288
646 289
646 290
646 291
646 292
646 293
646 294
646 295
646 296
646 297
646 298
646 299
646 300
646 301
646 302
646 303
646 304
646 305
646 306
646 308
646 309
646 310
646 312
646 313
646 314
646 316
646 317
646 318
647 52
647 53
647 280
647 281
647 283
647 285
647 286
647 287
647 288
647 289
647 290
647 291
647 293
647 294
647 295
647 298
647 299
647 300
647 302
647 303
647 304
647 305
647 306
647 307
647 309
647 310
647 311
647 312
647 313
647 314
647 316
647 317
647 318
648 17
648 52
648 54
648 282
648 283
648 284
648 285
648 286
648 287
648 288
648 289
648 290
648 291
648 294
648 296
648 297
648 299
648 302
648 305
648 306
648 307
648 309
648 310
648 311
648 312
648 313
648 315
648 316
648 317
649 55
649 56
649 283
649 284
649 285
649 312
649 314
649 315
649 316
649 317
649 318
650 55
650 56
650 193
650 317
651 22
651 56
651 57
651 58
652 23
652 58
652 60
653 25
653 58
653 59
653 60
654 26
654 60
654 61
655 62
655 63
655 197
656 62
656 63
656 64
657 31
657 65
657 66
658 65
658 66
658 67
658 230
659 34
659 66
659 67
659 200
660 68
660 69
661 37
661 69
661 70
661 232
662 38
662 70
662 71
663 40
663 71
663 72
663 203
664 41
664 72
664 73
665 42
666 44
666 75
667 45
667 76
667 206
668 46
668 77
669 48
669 78
670 49
671 50
672 52
673 53
674 211
676 57
677 58
677 213
678 59
679 60
680 215
681 -54
681 -53
682 -55
682 -54
682 -53
682 -52
682 -49
682 -48
682 64
683 -50
683 -49
683 -47
683 -46
683 -44
683 65
683 217
684 -45
684 -43
684 -42
684 -40
684 66
685 -41
685 -40
685 -39
685 -38
685 -37
686 -37
686 -36
686 -35
686 -33
687 -33
687 -31
687 -30
687 -29
688 -30
688 -29
688 -28
688 -27
688 220
689 -27
689 -26
689 -24
689 -23
690 -23
690 -22
690 -21
690 -20
691 -19
691 -18
691 -17
691 222
692 -18
692 -17
692 -16
693 -15
693 -13
693 -12
694 -11
694 -10
695 -9
696 -6
697 -4
703 -39
703 -37
704 -37
704 -36
704 -35
704 -34
704 -33
705 -37
705 -36
705 -35
705 -34
705 -33
705 -32
705 -31
705 -30
705 -29
705 -28
706 -36
706 -35
706 -34
706 -33
706 -31
706 -30
706 -29
706 -28
706 -27
706 -26
706 -25
707 -34
707 -32
707 -31
707 -30
707 -29
707 -28
707 -27
707 -26
707 -25
707 -24
707 -23
707 -22
707 -21
708 -33
708 -32
708 -30
708 -29
708 -26
708 -25
708 -24
708 -22
708 -21
708 -20
708 -18
709 -29
709 -27
709 -26
709 -25
709 -24
709 -22
709 -21
709 -20
709 -17
709 -16
709 -15
710 -25
710 -23
710 -22
710 -21
710 -19
710 -18
710 -16
710 -15
710 -14
710 -12
711 -20
711 -19
711 -18
711 -16
711 -15
711 -14
711 -13
711 -12
711 -11
711 -10
711 -9
712 -17
712 -15
712 -14
712 -13
712 -11
712 -10
712 -9
712 -8
712 -7
712 -6
713 -12
713 -11
713 -10
713 -9
713 -8
713 -7
713 -6
713 -5
713 -4
713 -3
714 -11
714 -10
714 -9
714 -7
714 -6
714 -2
714 -1
715 -8
715 -7
715 -6
715 -4
715 -3
715 -2
715 0
715 1
715 2
716 -5
716 -4
716 -3
716 -2
716 -1
716 0
716 1
716 3
716 4
717 -1
717 0
717 1
717 2
717 3
717 4
717 5
717 6
718 1
718 2
718 3
718 4
718 6
718 7
718 8
718 9
719 3
719 4
719 6
719 8
719 9
719 11
720 6
720 7
720 8
720 9
720 11
720 12
720 13
721 9
721 10
721 11
721 12
721 13
721 14
721 15
722 11
722 12
722 13
722 15
722 16
722 17
723 14
723 15
723 16
723 17
723 18
723 19
724 15
724 16
724 17
724 18
724 19
724 20
724 21
725 17
725 18
725 19
725 20
725 22
725 23
726 20
726 21
726 22
726 23
726 25
727 22
727 23
727 24
727 25
727 26
727 27
728 24
728 25
728 26
728 27
728 28
728 29
729 26
729 27
729 28
729 29
729 30
729 31
730 28
730 29
730 30
730 31
730 32
730 33
731 31
731 33
731 34
732 31
732 32
732 33
732 34
732 35
732 36
733 33
733 35
733 37
733 38
734 35
734 36
734 37
734 38
734 39
734 40
735 37
735 38
735 39
735 40
735 41
736 39
736 41
736 42
736 43
737 40
737 41
737 42
737 43
737 44
737 45
738 42
738 44
738 45
738 46
739 44
739 45
739 46
739 47
739 48
740 46
740 47
740 48
741 47
741 48
741 49
741 50
741 51
742 49
742 50
742 51
742 52
743 50
743 51
743 52
743 53
743 54
744 52
744 53
744 54
744 55
745 54
745 56
745 57
746 55
746 56
746 57
746 58
747 57
747 58
747 59
747 60
748 58
748 59
748 60
748 61
749 60
749 61
749 62
749 63
750 61
750 62
750 63
750 64
751 64
751 65
752 64
752 65
752 66
752 67
753 65
753 66
753 67
753 68
754 67
754 68
754 69
754 70
755 68
755 69
755 70
755 71
756 70
756 71
756 72
757 71
757 72
757 74
758 72
758 73
758 75
759 74
759 75
759 76
760 75
760 77
761 76
761 77
761 78
761 79
762 78
762 79
762 80
763 79
763 80
763 81
764 81
764 82
764 83
765 82
765 83
765 84
766 84
766 85
767 84
767 85
767 86
768 85
768 86
768 87
769 87
769 88
770 88
770 89
771 90
772 90
772 91
774 93
775 94
