62 229
80 227
83 194
85 193
86 193
87 193
87 226
105 224
120 222
136 222
137 222
143 221
144 221
157 221
179 222
190 223
276 245
337 147
338 147
344 277
346 278
358 145
369 144
371 144
372 144
373 294
378 297
381 117
381 118
381 119
382 116
382 118
382 119
382 143
383 115
383 116
383 118
383 119
383 120
383 143
384 114
384 115
384 117
384 118
384 119
384 120
384 143
385 113
385 114
385 115
385 117
385 118
385 119
385 120
386 113
386 114
386 115
386 116
386 117
386 118
386 120
386 143
387 112
387 113
387 114
387 115
387 116
387 117
387 118
387 119
387 120
388 111
388 112
388 114
388 115
388 116
388 117
388 118
388 119
388 120
389 111
389 112
389 113
389 114
389 115
389 117
389 118
389 119
389 120
389 143
389 304
390 110
390 111
390 112
390 113
390 114
390 115
390 116
390 117
390 118
390 120
390 143
391 109
391 110
391 111
391 112
391 113
391 115
391 116
391 117
391 118
391 119
391 120
391 143
392 109
392 110
392 111
392 112
392 113
392 114
392 115
392 116
392 117
392 119
392 120
393 108
393 109
393 110
393 112
393 113
393 114
393 115
393 116
393 117
393 118
393 119
393 120
394 108
394 109
394 110
394 111
394 112
394 113
394 114
394 116
394 117
394 118
394 119
394 120
395 108
395 109
395 110
395 111
395 112
395 114
395 115
395 116
395 117
395 118
395 119
395 120
396 108
396 109
396 110
396 112
396 113
396 114
396 115
396 116
396 117
396 118
396 119
396 120
397 110
397 111
397 112
397 113
397 114
397 115
397 116
397 117
397 118
397 119
398 109
398 110
398 111
398 112
398 113
398 114
398 115
398 117
398 118
398 119
398 120
398 142
399 109
399 110
399 111
399 112
399 113
399 114
399 116
399 117
399 118
399 119
399 120
400 110
400 111
400 112
400 113
400 114
400 116
400 117
400 118
400 119
400 120
401 110
401 111
401 112
401 113
401 115
401 116
401 117
401 118
401 119
401 120
401 142
402 110
402 111
402 112
402 114
402 115
402 116
402 117
402 118
402 119
402 120
402 142
403 111
403 112
403 113
403 115
403 116
403 117
403 118
403 119
403 120
403 142
404 111
404 112
404 113
404 114
404 116
404 117
404 118
404 119
404 120
404 314
405 111
405 112
405 113
405 114
405 116
405 117
405 118
405 119
405 120
405 142
406 112
406 113
406 114
406 115
406 116
406 117
406 119
406 120
406 142
407 112
407 113
407 114
407 115
407 116
407 117
407 118
407 119
407 142
408 113
408 114
408 115
408 116
408 117
408 118
408 119
408 120
408 142
409 113
409 114
409 116
409 117
409 118
409 119
409 120
409 142
410 113
410 114
410 115
410 116
410 117
410 118
410 119
411 113
411 114
411 115
411 116
411 117
411 118
411 119
411 120
412 114
412 115
412 116
412 117
412 119
412 120
413 114
413 115
413 116
413 117
413 118
413 119
413 120
413 142
414 115
414 116
414 118
414 119
414 120
415 115
415 116
415 117
415 118
415 119
415 142
416 115
416 116
416 117
416 118
417 116
417 117
417 118
417 119
418 116
418 117
418 118
418 119
419 117
419 119
420 117
420 118
420 119
420 141
421 117
421 118
421 119
421 141
422 118
423 118
423 119
424 119
425 119
428 141
429 141
430 141
434 141
437 141
439 141
440 141
441 141
442 141
444 141
445 141
446 141
447 141
450 140
451 140
452 141
453 141
454 141
455 140
456 141
457 140
458 140
458 141
459 140
459 141
460 140
461 140
462 140
510 392
518 399
527 407
528 408
529 409
539 418
540 419
542 421
543 422
561 448
564 451
570 457
572 459
575 463
582 470
583 471
585 474
591 470
591 480
592 482
