-27 205
-27 465
-26 466
-25 204
-25 466
-24 203
-24 204
-23 203
-23 467
-23 468
-22 202
-22 203
-22 467
-21 202
-21 203
-21 467
-21 468
-20 201
-20 202
-20 468
-20 469
-19 202
-19 468
-19 469
-18 201
-18 469
-17 201
-17 202
-17 468
-17 469
-16 201
-16 469
-16 470
-15 200
-15 201
-15 470
-14 200
-14 201
-14 469
-14 470
-13 199
-13 200
-13 471
-12 199
-12 470
-11 199
-11 470
-11 471
-10 199
-10 471
-9 199
-9 471
-9 472
-8 199
-8 472
-7 198
-7 199
-7 471
-6 198
-6 472
-6 473
-5 197
-5 198
-5 472
-4 197
-4 198
-4 473
-3 197
-3 198
-3 472
-2 196
-2 197
-2 473
-2 474
-1 196
-1 473
-1 474
0 196
0 197
0 473
0 474
1 195
1 196
1 474
1 475
2 195
2 474
2 475
3 196
3 474
3 475
4 195
4 196
4 474
4 475
5 195
5 476
6 195
6 475
6 476
7 195
7 475
7 476
8 194
8 195
8 476
9 193
9 194
9 476
10 193
10 476
10 477
11 193
11 194
11 476
11 477
12 193
12 194
12 476
12 477
13 192
13 193
13 477
13 478
14 193
14 477
14 478
15 192
15 478
16 192
16 193
16 477
16 478
17 191
17 479
18 191
18 192
18 478
18 479
19 191
19 192
19 478
19 479
20 191
20 192
20 479
21 190
21 479
21 480
22 190
22 191
22 479
22 480
23 190
23 191
23 479
23 480
24 190
24 191
24 480
25 189
25 190
25 480
25 481
26 189
26 480
27 189
27 190
27 480
27 481
28 189
28 190
28 480
29 188
29 189
29 481
29 482
30 188
30 189
30 482
31 188
31 189
31 481
31 482
32 188
32 189
32 481
32 482
33 482
33 483
34 187
34 188
34 483
35 187
35 188
35 482
35 483
36 188
36 482
36 483
37 187
37 188
37 482
37 483
38 186
38 187
38 483
38 484
39 186
39 187
39 483
40 187
40 483
40 484
41 186
41 187
41 483
41 484
42 186
42 484
42 485
43 185
43 186
43 484
43 485
44 185
44 186
44 485
45 185
45 186
45 484
45 485
46 184
46 186
46 484
46 485
46 486
47 184
47 485
48 184
48 185
48 485
48 486
49 184
49 185
49 486
50 185
50 485
50 486
51 184
51 486
51 487
52 183
52 184
52 486
53 183
53 184
53 486
53 487
54 183
54 184
54 486
54 487
55 183
55 184
55 486
55 487
56 183
56 487
56 488
57 182
57 183
57 487
57 488
58 182
58 183
58 487
58 488
59 182
59 183
59 487
59 488
60 181
60 182
60 183
60 487
60 488
61 181
61 182
61 488
61 489
62 181
62 182
62 488
62 489
63 181
63 182
63 488
64 181
64 182
64 488
64 489
65 180
65 181
65 182
65 488
65 489
65 490
66 180
66 181
66 489
66 490
67 180
67 489
67 490
68 180
68 181
68 489
68 490
69 490
70 179
70 180
70 181
70 489
70 490
70 491
71 179
71 180
71 490
71 491
72 179
72 180
72 490
72 491
73 179
73 180
73 490
73 491
74 179
74 180
74 490
74 491
75 178
75 179
75 180
75 490
75 491
75 492
76 178
76 180
76 490
76 491
77 178
77 179
77 491
77 492
78 178
78 179
78 491
78 492
79 178
79 179
79 492
80 178
80 179
80 491
80 492
81 177
81 178
81 179
81 492
81 493
82 177
82 493
83 177
83 492
83 493
84 177
84 178
84 492
84 493
85 177
85 178
85 493
86 176
86 177
86 178
86 492
86 493
87 176
87 177
87 178
87 492
87 493
87 494
88 176
88 177
88 493
88 494
89 176
89 177
89 493
89 494
90 176
90 177
90 493
90 494
91 176
91 177
91 493
91 494
92 175
92 176
92 177
92 494
92 495
93 175
93 176
93 494
93 495
94 175
94 494
95 175
95 494
95 495
96 176
96 494
96 495
97 174
97 176
97 494
97 495
97 496
98 175
98 176
98 494
98 495
98 496
99 174
99 495
99 496
100 174
100 175
100 495
100 496
101 174
101 495
101 496
102 174
102 495
102 496
103 173
103 175
103 495
103 496
104 173
104 175
104 495
104 496
104 497
105 174
105 496
105 497
106 173
106 174
106 496
106 497
107 173
107 174
107 496
107 497
108 173
108 174
108 496
108 497
109 172
109 173
109 174
109 496
109 497
109 498
110 172
110 173
110 174
110 497
110 498
111 172
111 173
111 174
111 496
111 497
111 498
112 172
112 498
113 172
113 497
113 498
114 172
114 173
114 498
115 171
115 172
115 173
115 498
115 499
116 171
116 172
116 173
116 497
116 498
116 499
117 171
117 172
117 173
117 497
117 498
117 499
118 171
118 172
118 498
118 499
119 171
119 498
119 499
120 172
120 498
120 499
121 171
121 172
121 498
121 499
122 170
122 171
122 172
122 498
122 499
123 170
123 171
123 498
123 499
123 500
124 170
124 171
124 172
124 498
124 499
124 500
125 171
125 499
125 500
126 170
126 171
126 499
126 500
127 170
127 171
127 499
127 500
128 169
128 170
128 171
128 499
128 501
129 169
129 170
129 171
129 499
129 500
130 170
130 171
130 499
130 501
131 169
131 170
131 499
131 500
131 501
132 169
132 170
132 500
132 501
133 169
133 170
133 500
134 169
134 170
134 500
134 501
135 168
135 169
135 500
135 501
136 168
136 169
136 170
136 500
136 501
136 502
137 168
137 170
137 500
137 501
137 502
138 168
138 169
138 170
138 500
138 501
139 168
139 169
139 501
139 502
140 168
140 169
140 501
140 502
141 169
141 501
142 167
142 168
142 169
142 501
142 502
142 503
143 167
143 168
143 169
143 501
143 502
143 503
144 167
144 168
144 169
144 501
144 502
144 503
145 167
145 168
145 169
145 501
145 502
145 503
146 167
146 168
146 169
146 501
146 502
147 167
147 168
147 502
147 503
148 167
148 168
148 502
149 166
149 167
149 168
149 502
149 504
150 166
150 167
150 168
150 502
150 503
151 166
151 167
151 168
151 502
151 503
151 504
152 166
152 167
152 168
152 502
152 503
152 504
153 166
153 167
153 168
153 502
153 503
153 504
154 166
154 167
154 168
154 502
154 503
154 504
155 166
155 503
156 166
156 167
156 503
156 504
157 165
157 166
157 167
157 503
157 504
157 505
158 166
158 167
158 503
158 504
158 505
159 165
159 166
159 167
159 503
159 504
159 505
160 165
160 166
160 167
160 503
160 504
160 505
161 165
161 166
161 167
161 504
161 505
162 165
162 166
162 167
162 503
162 505
163 165
163 166
163 167
163 503
163 504
163 505
164 164
164 165
164 166
164 504
164 505
164 506
165 164
165 165
165 166
165 504
165 505
165 506
166 164
166 165
166 504
166 505
166 506
167 164
167 165
167 166
167 504
167 505
168 166
168 504
168 506
169 164
169 165
169 166
169 504
169 505
169 506
170 164
170 165
170 166
170 504
170 505
170 506
171 164
171 165
171 166
171 504
171 505
172 164
172 165
172 506
173 163
173 164
173 165
173 505
173 506
173 507
174 163
174 164
174 165
174 505
174 507
175 163
175 164
175 165
175 505
175 506
175 507
176 163
176 164
176 165
176 505
176 506
176 507
177 163
177 165
177 505
177 506
177 507
178 163
178 164
178 506
178 507
179 164
179 165
179 505
179 506
179 507
180 163
180 164
180 165
180 505
180 506
180 507
181 162
181 163
181 164
181 165
181 505
181 507
181 508
182 162
182 163
182 164
182 507
182 508
183 162
183 163
183 164
183 506
183 507
183 508
184 162
184 163
184 164
184 506
184 507
185 162
185 163
185 164
185 506
185 507
186 162
186 164
186 506
186 507
186 508
187 162
187 163
187 164
187 506
187 507
187 508
188 162
188 163
188 164
188 506
188 507
189 162
189 163
189 164
189 506
189 507
189 508
190 161
190 163
190 164
190 507
190 508
190 509
191 161
191 162
191 163
191 507
191 508
191 509
192 161
192 162
192 163
192 507
192 508
192 509
193 161
193 162
193 163
193 507
193 508
193 509
194 161
194 162
194 163
194 507
194 509
195 161
195 162
195 163
195 507
195 508
195 509
196 162
196 163
196 507
196 508
196 509
197 161
197 162
197 163
197 507
197 508
197 509
198 161
198 162
198 163
198 508
198 509
199 160
199 162
199 163
199 507
199 508
199 509
199 510
200 160
200 161
200 162
200 163
200 507
200 508
200 509
200 510
201 160
201 161
201 162
201 507
201 508
201 509
201 510
202 160
202 161
202 162
202 508
202 509
202 510
203 160
203 161
203 162
203 508
203 509
204 160
204 161
204 162
204 509
204 510
205 160
205 162
205 508
205 509
205 510
206 160
206 161
206 162
206 508
206 509
206 510
207 160
207 162
207 508
207 510
208 161
208 162
208 508
208 509
208 510
209 159
209 160
209 161
209 162
209 508
209 509
209 510
209 511
210 159
210 160
210 161
210 162
210 508
210 509
210 510
210 511
211 159
211 160
211 161
211 162
211 508
211 509
211 510
211 511
212 159
212 160
212 161
212 508
212 509
212 510
212 511
213 159
213 161
213 509
213 510
213 511
214 159
214 160
214 509
214 510
214 511
215 159
215 160
215 161
215 510
215 511
216 159
216 160
216 161
216 509
216 510
216 511
217 159
217 160
217 161
217 509
217 510
217 511
218 159
218 160
218 161
218 510
218 511
219 158
219 159
219 160
219 161
219 509
219 510
219 511
219 512
220 158
220 159
220 160
220 161
220 510
220 511
220 512
221 158
221 159
221 160
221 161
221 509
221 511
221 512
222 158
222 159
222 160
222 509
222 510
222 511
222 512
223 159
223 161
223 509
223 510
223 511
223 512
224 158
224 159
224 160
224 161
224 509
224 510
224 511
224 512
225 158
225 159
225 160
225 510
225 511
226 158
226 159
226 160
226 510
226 511
226 512
227 158
227 159
227 160
227 510
227 511
227 512
228 158
228 159
228 160
228 511
228 512
229 157
229 158
229 159
229 160
229 510
229 511
229 512
229 513
230 157
230 158
230 159
230 160
230 510
230 511
230 512
230 513
231 157
231 158
231 159
231 160
231 510
231 511
231 512
231 513
232 157
232 158
232 159
232 160
232 510
232 511
232 512
232 513
233 157
233 158
233 159
233 160
233 510
233 511
233 512
234 157
234 158
234 160
234 510
234 512
234 513
235 157
235 158
235 159
235 160
235 510
235 511
235 512
235 513
236 157
236 158
236 159
236 160
236 510
236 511
236 512
236 513
237 157
237 158
237 159
237 511
237 512
237 513
238 157
238 159
238 511
238 512
238 513
239 157
239 158
239 159
239 511
239 513
240 157
240 159
240 511
240 512
240 513
241 156
241 157
241 158
241 159
241 511
241 512
241 513
241 514
242 156
242 157
242 158
242 159
242 511
242 512
242 513
242 514
243 156
243 157
243 158
243 159
243 511
243 512
243 513
244 156
244 157
244 158
244 159
244 511
244 512
244 513
244 514
245 156
245 157
245 158
245 159
245 511
245 512
245 513
245 514
246 156
246 157
246 158
246 159
246 511
246 512
246 513
246 514
247 156
247 157
247 158
247 159
247 511
247 512
247 513
247 514
248 156
248 157
248 158
248 159
248 511
248 512
248 513
248 514
249 156
249 157
249 158
249 159
249 511
249 512
249 513
249 514
250 156
250 157
250 158
250 159
250 511
250 512
250 513
250 514
251 156
251 157
251 158
251 512
251 513
251 514
252 156
252 157
252 158
252 512
252 513
253 155
253 156
253 157
253 158
253 512
253 513
253 514
253 515
254 155
254 156
254 157
254 158
254 512
254 513
254 514
254 515
255 156
255 157
255 158
255 512
255 513
255 514
255 515
256 155
256 156
256 157
256 158
256 512
256 513
256 514
256 515
257 155
257 156
257 157
257 158
257 512
257 513
257 514
257 515
258 155
258 156
258 157
258 158
258 512
258 513
258 514
258 515
259 155
259 156
259 157
259 158
259 512
259 513
259 514
259 515
260 155
260 156
260 157
260 158
260 512
260 513
260 514
260 515
261 155
261 157
261 158
261 512
261 513
261 514
261 515
262 155
262 156
262 157
262 158
262 513
262 514
262 515
263 155
263 156
263 157
263 158
263 512
263 513
263 514
263 515
264 156
264 157
264 158
264 512
264 513
264 514
264 515
265 154
265 155
265 156
265 157
265 158
265 512
265 513
265 514
265 515
266 154
266 155
266 156
266 513
266 514
266 515
266 516
267 154
267 155
267 156
267 157
267 513
267 514
267 515
267 516
268 154
268 155
268 156
268 157
268 513
268 514
268 515
268 516
269 154
269 155
269 156
269 157
269 513
269 514
269 515
269 516
270 154
270 156
270 157
270 513
270 514
270 515
270 516
271 154
271 155
271 156
271 157
271 513
271 514
271 515
271 516
272 154
272 155
272 156
272 157
272 513
272 514
272 515
272 516
273 154
273 156
273 157
273 513
273 514
273 515
273 516
274 154
274 155
274 156
274 157
274 513
274 514
274 515
274 516
275 154
275 155
275 156
275 157
275 513
275 514
275 515
275 516
276 154
276 155
276 156
276 157
276 513
276 514
276 515
276 516
277 154
277 155
277 156
277 157
277 514
277 515
277 516
278 154
278 155
278 156
278 157
278 514
278 515
278 516
279 153
279 154
279 155
279 156
279 157
279 514
279 515
279 516
279 517
280 153
280 154
280 155
280 156
280 513
280 514
280 515
280 516
281 153
281 154
281 155
281 156
281 513
281 514
281 515
281 516
281 517
282 153
282 154
282 155
282 156
282 157
282 513
282 514
282 515
282 516
282 517
283 153
283 154
283 155
283 156
283 514
283 515
283 516
284 153
284 154
284 155
284 156
284 514
284 515
284 516
284 517
285 153
285 154
285 155
285 156
285 514
285 515
285 516
285 517
286 153
286 154
286 155
286 156
286 514
286 515
286 516
287 153
287 154
287 514
287 515
287 516
287 517
288 153
288 154
288 155
288 156
288 514
288 515
288 516
288 517
289 153
289 154
289 156
289 514
289 515
289 516
289 517
290 153
290 154
290 155
290 514
290 515
290 516
290 517
291 153
291 155
291 156
291 514
291 515
291 516
291 517
292 153
292 154
292 155
292 156
292 514
292 515
292 516
292 517
293 152
293 153
293 154
293 155
293 156
293 514
293 516
293 517
293 518
294 152
294 153
294 155
294 156
294 514
294 515
294 516
294 517
294 518
295 152
295 153
295 154
295 155
295 156
295 514
295 515
295 517
295 518
296 152
296 153
296 154
296 155
296 156
296 514
296 515
296 516
296 517
296 518
297 152
297 153
297 154
297 155
297 156
297 514
297 515
297 516
297 517
297 518
298 152
298 153
298 155
298 156
298 514
298 515
298 516
298 517
298 518
299 152
299 153
299 154
299 156
299 514
299 515
299 516
299 517
299 518
300 152
300 153
300 154
300 155
300 156
300 514
300 516
300 517
300 518
301 152
301 153
301 154
301 155
301 515
301 516
301 517
301 518
302 152
302 153
302 154
302 155
302 516
302 517
302 518
303 152
303 153
303 154
303 155
303 515
303 516
303 517
303 518
304 152
304 153
304 154
304 155
304 516
304 517
304 518
305 152
305 153
305 154
305 155
305 515
305 516
305 517
305 518
306 152
306 153
306 154
306 155
306 515
306 516
306 517
306 518
307 152
307 153
307 154
307 155
307 515
307 516
307 517
307 518
308 151
308 153
308 154
308 155
308 515
308 516
308 517
308 519
309 151
309 152
309 154
309 155
309 515
309 516
309 517
309 518
309 519
310 151
310 152
310 153
310 154
310 516
310 517
310 519
311 151
311 152
311 153
311 154
311 516
311 517
311 518
311 519
312 151
312 152
312 153
312 517
312 518
312 519
313 151
313 152
313 153
313 517
313 518
313 519
314 151
314 152
314 518
314 519
315 151
315 152
315 518
315 519
316 519
317 151
317 519
318 151
318 519
