246 367
246 369
247 367
247 369
248 367
248 369
249 367
249 369
250 366
250 368
251 366
251 368
252 366
252 368
253 366
253 368
254 366
254 368
255 366
255 368
256 366
256 368
257 366
257 368
258 365
258 367
259 365
259 367
260 365
260 367
261 365
261 367
262 366
263 366
264 290
264 366
264 368
265 240
265 365
266 239
266 241
266 283
266 291
266 365
267 236
267 238
267 240
267 291
267 364
268 234
268 236
268 238
268 240
268 242
268 365
269 236
269 238
269 240
269 242
269 284
269 292
269 365
270 236
270 238
270 240
270 242
270 244
270 292
270 364
271 236
271 238
271 240
271 242
271 244
271 364
272 237
272 239
272 241
272 243
273 237
273 239
273 241
273 243
273 245
273 293
274 238
274 240
274 242
274 244
275 238
275 240
275 242
275 244
275 246
275 279
276 238
276 240
276 242
276 244
276 246
276 286
276 294
277 239
277 241
277 243
277 245
278 239
278 241
278 243
278 245
278 247
279 239
279 241
279 243
279 245
279 247
279 395
280 240
280 242
280 244
280 246
280 248
280 395
281 240
281 242
281 244
281 246
281 248
281 296
281 388
281 395
281 403
282 240
282 242
282 244
282 246
282 248
283 240
283 242
283 244
283 246
283 248
284 240
284 242
284 244
284 246
284 248
285 240
285 242
285 244
285 246
285 248
286 241
286 243
286 245
286 247
286 249
287 241
287 243
287 245
287 247
287 249
287 298
288 241
288 243
288 245
288 247
288 249
288 298
289 241
289 243
289 245
289 247
289 249
289 251
289 394
290 241
290 243
290 245
290 247
290 249
290 251
290 299
290 403
291 242
291 244
291 246
291 248
291 250
291 299
292 242
292 244
292 246
292 248
292 250
292 252
293 242
293 244
293 246
293 248
293 250
293 252
293 300
294 242
294 244
294 246
294 248
294 250
294 252
294 291
294 402
295 242
295 244
295 246
295 248
295 250
295 252
295 301
296 243
296 245
296 247
296 249
296 251
296 253
296 301
297 242
297 244
297 246
297 248
297 250
297 252
297 393
298 243
298 245
298 247
298 249
298 251
298 253
298 292
298 302
298 402
299 243
299 245
299 247
299 249
299 251
299 253
300 242
300 244
300 246
300 248
300 250
300 252
300 254
300 303
300 401
301 243
301 245
301 247
301 249
301 251
301 253
301 255
301 293
301 401
302 243
302 245
302 247
302 249
302 251
302 253
302 255
302 293
303 244
303 246
303 248
303 250
303 252
303 254
303 385
303 401
304 246
304 248
304 250
304 252
304 254
304 287
304 305
304 392
305 246
305 248
305 250
305 252
305 254
305 256
305 294
305 401
306 247
306 249
306 251
306 253
306 255
306 401
307 247
307 249
307 251
307 253
307 255
307 400
308 249
308 251
308 253
308 255
308 257
309 249
309 251
309 252
309 254
309 256
309 295
309 400
310 250
310 251
310 253
310 254
310 256
310 257
310 391
311 250
311 252
311 253
311 257
311 400
312 252
312 253
312 257
312 400
313 253
313 254
313 258
314 253
314 254
314 258
314 399
315 254
315 258
315 390
316 254
316 297
316 399
317 399
318 297
318 398
320 298
320 389
321 298
321 389
323 397
324 381
324 397
325 299
326 397
327 300
327 397
328 396
329 396
330 387
332 301
332 375
332 396
333 379
333 386
333 396
335 147
336 150
336 374
336 395
337 303
337 395
338 154
338 394
339 159
339 394
340 295
340 393
341 166
341 168
341 394
342 171
342 384
342 394
343 171
343 173
343 372
344 175
344 177
344 392
345 393
346 383
346 393
347 297
347 392
348 392
349 161
349 391
350 392
351 391
352 169
352 390
353 369
353 381
353 391
354 381
354 391
355 177
355 305
355 390
356 368
356 389
357 389
358 389
359 389
360 389
361 389
362 366
362 388
363 365
363 388
364 143
364 365
364 388
365 142
365 144
365 146
365 303
365 365
365 388
366 144
366 146
366 148
366 363
366 388
367 146
367 148
367 150
367 152
367 358
367 362
367 364
367 386
367 388
368 149
368 151
368 153
368 359
368 361
368 363
368 386
368 395
369 151
369 153
369 155
369 157
369 359
369 361
369 386
370 154
370 156
370 158
370 359
370 361
370 387
371 156
371 158
371 160
371 162
371 315
371 359
371 386
372 159
372 161
372 163
372 360
372 385
373 162
373 164
373 166
373 316
373 386
374 164
374 166
374 168
374 170
374 384
374 386
375 166
375 168
375 170
375 172
375 385
376 170
376 172
376 174
376 384
376 386
377 172
377 174
377 176
377 318
377 384
378 175
378 177
378 179
378 383
378 385
379 177
379 179
379 181
379 183
379 319
379 384
380 180
380 182
380 184
380 383
380 385
381 182
381 184
381 186
381 188
381 383
381 385
382 185
382 187
382 189
382 191
382 384
383 187
383 189
383 191
383 193
383 322
383 382
383 384
384 190
384 192
384 194
384 196
384 323
384 382
384 384
385 192
385 194
385 196
385 198
385 383
386 195
386 197
386 199
386 201
386 383
387 197
387 199
387 201
387 203
387 383
387 384
388 200
388 202
388 204
388 206
388 382
388 384
389 202
389 204
389 206
389 208
389 382
389 384
390 205
390 207
390 209
390 211
390 317
390 382
390 383
391 208
391 210
391 212
391 214
391 360
392 209
392 211
392 213
392 215
393 212
393 214
393 215
393 217
393 219
393 318
394 215
394 217
394 219
394 221
395 218
395 220
395 222
395 224
396 219
396 221
396 222
396 224
396 226
397 221
397 223
397 224
397 226
397 228
398 225
398 226
398 228
398 229
398 231
399 227
399 228
399 230
399 231
399 233
399 234
399 323
400 229
400 230
400 232
400 233
400 235
400 236
401 231
401 232
401 234
401 235
401 237
401 238
401 321
402 233
402 234
402 236
402 237
402 239
402 240
403 235
403 237
403 238
403 240
403 241
403 243
403 244
404 237
404 239
404 240
404 242
404 243
404 245
404 246
405 239
405 241
405 242
405 244
405 245
405 247
405 248
406 241
406 243
406 244
406 246
406 247
406 249
406 250
406 323
407 243
407 245
407 246
407 248
407 249
407 251
407 252
408 245
408 247
408 248
408 250
408 251
408 253
408 254
409 247
409 248
409 250
409 251
409 253
409 254
409 256
409 257
410 249
410 250
410 252
410 253
410 255
410 256
410 258
410 259
411 251
411 252
411 254
411 255
411 257
411 258
411 260
411 261
412 238
412 252
412 253
412 255
412 256
412 258
412 259
412 261
412 262
412 264
413 253
413 254
413 256
413 257
413 259
413 260
413 262
413 263
413 265
413 266
414 249
414 250
414 252
414 253
414 255
414 256
414 258
414 259
414 261
414 262
414 264
414 265
414 267
414 268
414 326
415 236
415 253
415 254
415 256
415 257
415 259
415 260
415 262
415 263
415 265
415 266
415 268
415 269
416 251
416 256
416 257
416 259
416 260
416 262
416 263
416 265
416 266
416 268
416 269
416 271
416 272
417 245
417 253
417 257
417 258
417 260
417 261
417 263
417 264
417 266
417 267
417 269
417 270
417 272
417 273
418 249
418 251
418 253
418 255
418 259
418 260
418 261
418 263
418 264
418 266
418 267
418 269
418 270
418 272
418 273
418 275
418 276
419 264
419 266
419 267
419 269
419 270
419 272
419 273
419 275
419 276
419 278
419 525
420 267
420 269
420 270
420 272
420 273
420 275
420 276
420 278
420 279
420 523
421 267
421 270
421 271
421 273
421 274
421 276
421 277
421 279
421 280
421 282
422 272
422 274
422 275
422 277
422 278
422 280
422 281
422 283
422 284
422 521
423 275
423 276
423 278
423 279
423 281
423 282
423 284
423 285
423 520
424 276
424 277
424 279
424 280
424 282
424 283
424 285
424 286
424 288
425 278
425 282
425 283
425 285
425 286
425 288
425 289
426 106
426 108
426 123
426 280
426 281
426 285
426 286
426 288
426 289
426 291
426 292
426 516
427 116
427 124
427 284
427 286
427 287
427 289
427 290
427 292
427 293
427 514
428 286
428 288
428 289
428 291
428 292
428 294
428 295
429 288
429 292
429 293
429 295
429 296
429 512
430 293
430 294
430 296
430 297
430 510
431 296
431 297
431 299
431 300
431 509
432 298
432 299
432 301
432 302
433 298
433 299
433 301
433 302
433 506
434 301
434 303
434 304
434 505
435 302
435 304
435 305
435 307
436 306
436 307
436 502
437 148
437 307
437 309
437 500
438 307
438 310
439 310
439 311
439 313
440 311
440 313
440 480
441 314
441 478
442 315
442 316
443 317
444 317
444 318
444 472
445 320
446 320
446 322
446 468
447 322
447 466
450 327
451 327
452 328
456 215
461 171
461 218
462 183
463 193
464 191
464 203
465 213
467 231
469 248
470 193
470 195
472 218
473 277
474 222
474 224
475 291
476 232
476 297
476 491
477 261
477 263
478 297
478 322
479 315
479 490
479 499
480 320
480 406
480 408
480 410
480 488
480 502
481 289
481 404
481 406
481 410
481 492
481 505
482 406
482 408
482 410
482 412
483 407
483 409
483 411
483 413
484 409
484 413
484 415
485 409
485 411
485 415
485 417
486 412
486 413
486 415
486 417
487 413
487 414
487 416
487 417
487 419
488 414
488 415
488 417
488 418
488 420
489 415
489 416
489 418
489 419
505 417
505 470
509 287
509 492
509 505
510 488
510 502
511 293
511 490
511 499
512 302
513 260
513 262
513 276
514 231
514 491
516 220
516 222
516 224
516 290
517 283
518 277
519 269
519 285
520 165
520 170
520 174
520 262
520 280
521 255
522 140
522 142
522 144
522 146
522 148
522 150
522 152
522 154
522 156
522 158
522 160
522 162
522 166
523 264
524 232
525 224
525 253
526 215
528 197
528 338
529 189
530 158
530 177
530 227
530 336
531 166
531 168
531 222
533 334
535 332
536 331
537 191
537 329
537 454
538 186
538 329
539 181
540 176
540 327
541 171
542 324
543 323
543 467
544 469
550 314
550 480
551 312
553 148
553 310
553 500
554 502
555 307
555 503
556 301
556 304
556 505
557 299
557 300
557 506
558 297
558 298
558 302
559 293
559 295
559 296
559 300
559 509
560 290
560 293
560 294
560 297
561 288
561 291
561 292
561 294
561 296
561 297
561 512
562 285
562 286
562 289
562 291
562 292
562 294
562 295
563 115
563 123
563 283
563 284
563 286
563 287
563 289
563 290
563 292
563 293
564 282
564 285
564 286
564 288
564 289
564 291
564 292
564 516
565 278
565 281
565 283
565 284
565 286
565 287
565 289
565 290
566 276
566 277
566 279
566 280
566 282
566 283
566 285
566 286
566 288
567 276
567 277
567 279
567 280
567 282
567 283
567 285
567 286
568 274
568 275
568 277
568 278
568 280
568 281
568 283
568 284
568 521
569 267
569 270
569 271
569 273
569 274
569 276
569 277
569 279
569 280
569 282
570 255
570 257
570 261
570 269
570 270
570 272
570 273
570 275
570 276
570 278
570 279
571 262
571 265
571 266
571 268
571 269
571 271
571 272
571 274
571 275
571 277
571 278
572 259
572 260
572 261
572 263
572 264
572 266
572 267
572 269
572 270
572 272
572 273
572 275
572 276
573 258
573 259
573 261
573 262
573 264
573 265
573 267
573 268
573 270
573 271
573 273
573 274
574 238
574 254
574 256
574 257
574 259
574 260
574 262
574 263
574 265
574 266
574 268
574 269
574 271
574 272
575 252
575 253
575 255
575 256
575 258
575 259
575 261
575 262
575 264
575 265
575 267
575 268
575 270
576 249
576 251
576 252
576 254
576 255
576 257
576 258
576 260
576 261
576 263
576 264
576 266
576 267
577 253
577 254
577 256
577 257
577 259
577 260
577 262
577 263
577 265
577 266
578 236
578 252
578 253
578 255
578 256
578 258
578 259
578 261
578 262
578 264
579 251
579 252
579 254
579 255
579 257
579 258
579 260
579 261
580 234
580 249
580 250
580 252
580 253
580 255
580 256
580 258
580 259
581 247
581 248
581 250
581 251
581 253
581 254
581 256
581 257
582 246
582 247
582 249
582 250
582 252
582 253
582 255
583 243
583 245
583 246
583 248
583 249
583 251
583 252
584 241
584 243
584 244
584 246
584 247
584 249
584 250
584 323
585 239
585 241
585 242
585 244
585 245
585 247
585 248
586 229
586 237
586 239
586 240
586 242
586 243
586 245
586 246
586 355
587 235
587 237
587 238
587 240
587 241
587 243
588 233
588 234
588 236
588 237
588 239
588 240
589 231
589 232
589 234
589 235
589 237
589 238
589 321
590 229
590 230
590 232
590 233
590 235
591 227
591 228
591 230
591 231
591 233
592 224
592 225
592 227
592 229
592 231
593 221
593 222
593 223
593 225
593 227
593 229
594 219
594 220
594 222
594 224
594 226
595 218
595 220
595 222
595 224
596 215
596 217
596 219
596 221
597 212
597 214
597 216
597 218
597 318
598 209
598 211
598 213
598 215
598 320
599 208
599 210
599 212
599 214
600 205
600 207
600 209
600 211
600 317
600 382
600 384
601 202
601 204
601 206
601 208
601 383
602 200
602 202
602 204
602 206
602 382
602 384
603 197
603 199
603 201
603 203
603 382
603 384
604 195
604 197
604 199
604 201
604 382
604 384
605 192
605 194
605 196
605 198
605 383
606 190
606 192
606 194
606 196
606 323
606 382
606 384
607 187
607 189
607 191
607 193
607 322
607 383
608 185
608 187
608 189
608 191
608 314
608 384
609 182
609 184
609 186
609 188
609 383
609 385
610 180
610 182
610 184
610 384
611 177
611 179
611 181
611 183
611 319
611 384
612 175
612 177
612 179
612 383
612 385
613 172
613 174
613 176
613 318
613 385
614 169
614 171
614 173
614 175
614 385
615 167
615 169
615 171
615 385
616 164
616 166
616 168
616 170
616 368
616 385
617 162
617 164
617 166
617 316
617 385
618 159
618 161
618 163
618 386
619 156
619 158
619 160
619 162
619 315
619 359
619 361
619 385
619 387
620 154
620 156
620 158
620 358
620 360
620 362
620 387
621 151
621 153
621 155
621 157
621 359
621 361
621 387
622 149
622 151
622 153
622 358
622 362
622 377
622 387
622 395
623 146
623 148
623 150
623 152
623 362
623 386
623 388
624 144
624 146
624 148
624 363
624 388
625 143
625 145
625 147
625 303
625 364
625 388
626 143
626 365
626 387
627 365
627 387
628 302
628 366
628 388
629 389
630 389
631 389
632 390
633 389
634 389
635 177
636 390
637 369
637 390
638 169
638 390
639 391
640 298
640 391
641 161
641 392
642 391
644 393
645 392
646 175
646 177
646 392
647 171
647 372
648 172
648 394
649 168
649 393
650 164
650 393
651 394
652 157
653 395
654 374
654 395
657 379
657 395
658 301
658 396
660 387
662 396
663 300
663 397
664 377
664 397
665 299
666 381
666 397
667 397
668 259
669 389
670 258
670 298
671 257
671 259
671 398
672 256
672 258
672 259
672 297
672 398
673 255
673 257
673 258
673 399
674 256
674 257
674 297
674 399
675 255
675 257
676 255
676 257
677 255
677 257
678 255
678 257
678 400
679 250
679 254
679 256
679 400
680 255
680 257
680 391
681 249
681 253
681 255
681 257
681 295
682 249
682 254
682 256
683 247
683 249
683 251
683 253
683 255
683 307
684 246
684 248
684 250
684 252
684 254
684 256
684 401
685 246
685 248
685 250
685 252
685 254
685 256
685 294
685 401
686 246
686 248
686 250
686 252
686 254
686 287
686 305
686 392
687 245
687 247
687 249
687 251
687 253
687 255
687 304
687 385
688 243
688 245
688 247
688 249
688 251
688 253
688 255
689 243
689 245
689 247
689 249
689 251
689 253
689 255
690 242
690 244
690 246
690 248
690 250
690 252
690 254
690 303
691 243
691 245
691 247
691 249
691 251
691 253
692 243
692 245
692 247
692 249
692 251
692 253
692 302
692 393
693 243
693 245
693 247
693 249
693 251
693 253
693 393
694 243
694 245
694 247
694 249
694 251
694 253
694 301
695 242
695 244
695 246
695 248
695 250
695 252
695 301
696 242
696 244
696 246
696 248
696 250
696 252
696 291
697 242
697 244
697 246
697 248
697 250
697 252
697 300
698 242
698 244
698 246
698 248
698 250
698 252
699 242
699 244
699 246
699 248
699 250
700 241
700 243
700 245
700 247
700 249
700 251
700 290
700 394
701 241
701 243
701 245
701 247
701 249
701 251
702 241
702 243
702 245
702 247
702 249
703 241
703 243
703 245
703 247
703 249
704 241
704 243
704 245
704 247
704 249
705 240
705 242
705 244
705 246
705 248
706 240
706 242
706 244
706 246
706 248
707 240
707 242
707 244
707 246
707 248
707 288
708 240
708 242
708 244
708 246
708 248
709 240
709 242
709 244
709 246
709 248
710 240
710 242
710 244
710 246
710 248
711 239
711 241
711 243
711 245
711 247
712 239
712 241
712 243
712 245
712 247
713 239
713 241
713 243
713 245
714 238
714 240
714 242
714 244
714 246
714 294
715 238
715 240
715 242
715 244
715 246
716 238
716 240
716 242
716 244
716 365
717 237
717 239
717 241
717 243
717 245
717 364
718 238
718 239
718 241
718 243
718 364
719 240
719 242
719 244
719 366
720 243
720 365
722 366
723 364
723 366
724 367
725 365
725 367
726 368
727 368
728 368
729 366
729 368
730 366
730 368
731 366
731 368
732 366
732 368
733 365
733 367
733 369
734 365
734 367
734 369
735 365
735 367
735 369
736 365
736 367
736 369
737 366
737 368
738 366
738 368
739 366
739 368
740 366
