26 323
30 231
30 232
30 386
31 300
32 230
33 388
35 228
35 304
36 283
36 304
36 390
37 271
37 304
38 226
39 392
40 303
40 347
40 350
41 223
41 224
41 394
44 222
44 273
44 336
46 357
46 397
48 219
48 304
48 350
48 370
48 382
50 305
50 363
51 229
51 285
51 307
51 315
51 345
52 216
52 315
52 351
52 355
53 315
54 362
55 315
56 385
57 212
57 248
59 242
59 249
59 250
59 338
59 358
59 370
59 378
60 250
60 286
60 295
60 308
60 370
60 377
61 245
61 281
61 295
61 375
61 383
62 227
62 373
62 376
63 229
63 247
63 278
63 286
63 323
63 373
64 279
64 331
64 337
64 342
64 371
64 384
65 230
65 238
65 252
65 291
65 293
65 328
65 337
65 411
66 271
66 305
66 331
66 371
66 382
66 400
67 219
67 376
67 378
67 379
67 380
67 382
67 385
67 387
67 413
68 351
68 374
68 375
68 376
68 378
68 379
68 380
68 382
68 383
69 245
69 246
69 248
69 249
69 377
69 378
69 379
69 381
69 382
70 233
70 236
70 237
70 239
70 240
70 241
70 243
70 244
70 245
70 247
70 248
70 384
70 388
70 415
71 236
71 242
71 243
71 361
72 235
72 361
72 381
72 385
72 417
72 419
73 232
73 235
73 281
73 388
73 389
74 230
74 238
74 365
75 222
75 234
75 344
75 400
76 234
76 306
77 229
77 233
77 307
78 229
78 231
78 233
78 389
78 402
78 408
79 232
79 391
80 230
80 244
80 246
80 343
81 214
81 343
81 390
82 231
82 240
82 351
82 379
82 392
82 425
83 192
83 231
83 239
83 312
84 227
84 280
84 344
84 393
85 223
85 230
85 262
85 352
85 393
86 193
86 215
86 316
86 431
87 215
87 228
87 240
87 241
87 279
87 332
87 394
87 429
88 188
88 226
88 289
88 316
88 394
89 187
89 206
89 210
89 291
89 326
89 346
89 405
90 190
90 213
90 218
90 295
90 300
90 395
91 210
91 225
91 395
91 420
91 432
92 225
92 241
92 288
92 347
93 202
93 209
93 244
93 265
93 283
93 296
93 347
93 396
93 413
94 183
94 200
94 219
94 226
94 292
94 396
94 401
94 403
94 414
94 419
95 206
95 224
95 235
95 292
95 344
95 345
95 356
95 360
95 385
95 403
95 404
96 185
96 205
96 264
96 269
96 397
96 402
97 206
97 245
97 246
97 250
97 397
98 203
98 223
98 253
98 292
98 319
99 183
99 202
99 223
99 271
99 276
99 325
99 341
99 362
99 409
100 201
100 430
101 200
101 282
101 378
101 426
101 431
102 214
102 222
102 265
102 312
102 367
103 198
103 211
103 312
103 349
104 198
104 204
104 264
104 378
105 221
106 221
106 255
106 268
106 275
106 307
106 383
107 309
107 316
107 375
107 412
107 431
108 213
109 179
109 258
109 312
109 387
109 444
110 192
110 238
110 298
110 309
110 327
110 417
110 437
111 206
111 215
111 256
111 266
111 296
111 297
111 329
111 447
112 176
112 230
112 261
112 265
112 466
113 187
113 242
113 315
113 324
113 329
113 370
113 428
113 434
113 471
114 143
114 153
114 206
114 309
114 375
114 420
114 430
114 468
115 278
115 357
115 388
115 433
115 443
115 459
115 473
116 75
116 150
116 187
116 248
116 297
116 380
116 467
116 584
117 79
117 149
117 416
117 433
117 476
117 568
118 144
118 169
118 268
118 296
118 423
118 569
119 141
119 146
119 152
119 182
119 187
119 217
119 252
119 352
119 375
119 506
119 575
120 53
120 60
120 66
120 145
120 186
120 187
120 230
120 241
120 273
120 480
120 559
120 565
121 64
121 110
121 186
121 201
121 240
121 267
121 282
121 371
121 387
121 434
121 438
121 518
121 562
121 563
122 44
122 48
122 62
122 108
122 137
122 142
122 150
122 185
122 483
122 511
123 60
123 133
123 149
123 181
123 199
123 205
123 209
123 249
123 374
123 437
123 445
123 572
124 52
124 58
124 102
124 134
124 137
124 139
124 153
124 301
124 378
124 435
124 437
124 441
124 486
124 521
125 32
125 138
125 185
125 237
125 292
125 329
125 348
125 375
125 439
125 444
125 460
125 487
125 570
126 152
126 277
126 295
126 372
126 454
126 456
126 572
126 586
127 51
127 135
127 175
127 177
127 235
127 246
127 382
127 430
127 490
127 585
128 31
128 103
128 107
128 273
128 358
128 377
128 397
128 451
128 454
128 488
129 29
129 36
129 47
129 139
129 193
129 211
129 246
129 253
129 291
129 371
129 413
129 424
129 444
129 452
129 493
129 515
129 579
129 580
129 581
130 98
130 125
130 131
130 165
130 168
130 191
130 244
130 249
130 298
130 384
130 445
131 43
131 202
131 204
131 205
131 385
131 444
131 461
131 496
132 128
132 242
132 448
132 586
133 37
133 118
133 155
133 204
133 403
133 499
133 525
134 125
134 232
134 240
134 245
134 359
134 386
134 388
134 410
134 464
134 500
134 587
134 590
135 32
135 131
135 204
135 223
135 276
135 377
135 400
135 459
135 461
135 502
135 533
135 534
136 116
136 122
136 194
136 238
136 239
136 245
136 263
136 329
136 368
136 449
137 121
137 165
137 168
137 179
137 238
137 252
137 389
137 453
137 505
137 532
137 547
138 119
138 170
138 186
138 193
138 215
138 235
138 256
138 272
138 315
138 368
138 448
138 506
138 533
139 68
139 84
139 96
139 116
139 154
139 235
139 243
139 257
139 388
139 424
139 435
139 440
139 508
140 65
140 116
140 170
140 194
140 203
140 228
140 234
140 257
140 299
140 317
140 378
140 413
140 476
141 76
141 96
141 115
141 180
141 184
141 189
141 233
141 242
141 311
141 382
141 387
141 437
141 511
141 518
142 62
142 65
142 113
142 158
142 232
142 394
142 405
142 470
142 520
142 532
142 533
143 59
143 93
143 112
143 143
143 151
143 174
143 190
143 223
143 231
143 380
143 443
143 454
143 514
143 534
143 535
143 554
143 566
144 85
144 91
144 92
144 165
144 198
144 230
144 239
144 278
144 387
144 401
144 536
145 89
145 90
145 109
145 143
145 162
145 192
145 213
145 228
145 307
145 398
145 537
145 538
146 88
146 107
146 196
146 227
146 234
146 359
146 399
146 465
146 521
146 539
147 72
147 86
147 104
147 106
147 225
147 354
147 479
147 520
147 541
148 76
148 85
148 86
148 181
148 223
148 225
148 226
148 258
148 311
148 362
148 522
148 530
148 542
149 49
149 68
149 83
149 180
149 212
149 223
149 384
149 402
149 448
149 456
149 457
149 523
149 543
149 544
150 47
150 63
150 82
150 101
150 141
150 195
150 220
150 221
150 230
150 233
150 383
150 404
150 413
150 456
150 457
150 525
150 527
150 533
150 545
150 546
151 49
151 80
151 81
151 168
151 217
151 219
151 220
151 296
151 349
151 457
151 462
151 494
151 527
151 546
151 547
152 45
152 79
152 80
152 98
152 150
152 167
152 189
152 195
152 208
152 218
152 219
152 233
152 248
152 403
152 406
152 411
152 439
152 458
152 495
152 528
152 548
152 549
153 77
153 78
153 97
153 166
153 167
153 168
153 188
153 217
153 258
153 317
153 346
153 350
153 398
153 452
153 454
153 490
153 529
153 530
153 550
153 551
154 54
154 76
154 95
154 166
154 167
154 206
154 216
154 217
154 249
154 331
154 378
154 382
154 409
154 410
154 437
154 478
154 531
154 552
154 593
155 40
155 91
155 94
155 165
155 166
155 213
155 214
155 250
155 344
155 402
155 499
155 533
155 553
156 72
156 90
156 92
156 134
156 139
156 146
156 165
156 182
156 204
156 213
156 221
156 240
156 258
156 285
156 345
156 353
156 354
156 375
156 384
156 412
156 432
156 479
156 555
157 90
157 133
157 152
157 211
157 212
157 213
157 220
157 343
157 380
157 384
157 390
157 405
157 455
157 466
157 480
157 503
157 536
157 577
158 78
158 89
158 181
158 210
158 211
158 227
158 277
158 283
158 285
158 368
158 385
158 403
158 408
158 414
158 537
159 24
159 61
159 88
159 192
159 207
159 209
159 217
159 222
159 279
159 315
159 339
159 356
159 384
159 539
160 86
160 146
160 147
160 205
160 206
160 207
160 224
160 255
160 283
160 285
160 408
160 541
160 566
160 594
161 72
161 84
161 85
161 127
161 204
161 205
161 236
161 284
161 358
161 390
161 407
161 493
161 542
161 576
161 583
162 58
162 83
162 190
162 199
162 202
162 203
162 204
162 248
162 274
162 275
162 286
162 336
162 408
162 474
162 496
162 508
162 544
162 554
162 555
163 54
163 81
163 185
163 200
163 201
163 221
163 273
163 274
163 275
163 285
163 286
163 312
163 388
163 461
163 485
163 545
163 546
164 55
164 80
164 200
164 253
164 287
164 296
164 339
164 401
164 547
164 558
164 573
165 50
165 53
165 78
165 133
165 137
165 199
165 217
165 270
165 339
165 362
165 415
165 462
165 507
165 549
165 552
166 70
166 76
166 201
166 228
166 249
166 252
166 258
166 290
166 295
166 312
166 315
166 463
166 495
166 550
166 598
167 75
167 112
167 210
167 227
167 269
167 290
167 291
167 308
167 337
167 386
167 391
167 402
167 458
167 464
167 515
167 552
167 553
168 73
168 162
168 207
168 269
168 294
168 334
168 445
168 459
168 465
168 488
168 508
168 554
168 570
169 72
169 212
169 236
169 332
169 336
169 374
169 459
169 502
169 556
170 42
170 70
170 190
170 212
170 332
170 365
170 378
170 420
170 421
170 460
170 572
170 593
171 68
171 69
171 190
171 208
171 224
171 249
171 323
171 350
171 352
171 460
171 461
171 509
171 559
172 39
172 44
172 67
172 125
172 185
172 323
172 351
172 354
172 357
172 388
172 437
172 460
172 461
172 510
173 21
173 37
173 65
173 102
173 128
173 155
173 157
173 177
173 184
173 185
173 248
173 265
173 323
173 348
173 350
173 352
173 354
173 357
173 369
173 428
173 429
173 441
173 461
173 462
173 491
174 64
174 323
174 348
174 350
174 368
174 404
174 433
174 434
174 438
174 461
174 462
174 510
174 513
175 61
175 101
175 126
175 130
175 148
175 315
175 347
175 358
175 414
175 432
175 437
175 462
175 463
175 464
175 518
175 528
176 60
176 155
176 181
176 183
176 185
176 188
176 195
176 234
176 264
176 278
176 333
176 346
176 347
176 462
176 463
176 465
176 516
176 571
177 59
177 103
177 113
177 117
177 120
177 186
177 192
177 194
177 197
177 264
177 278
177 345
177 392
177 463
177 464
177 465
177 573
177 599
178 112
178 132
178 184
178 194
178 206
178 263
178 273
178 275
178 281
178 345
178 346
178 463
178 464
178 466
179 17
179 42
179 95
179 191
179 275
179 279
179 282
179 308
179 333
179 373
179 465
179 466
179 476
179 536
180 93
180 98
180 110
180 273
180 295
180 298
180 333
180 408
180 419
180 464
180 466
180 500
180 522
181 112
181 120
181 142
181 231
181 240
181 283
181 333
181 344
181 399
181 465
181 466
181 467
181 478
182 232
182 298
182 437
182 465
182 466
182 467
182 478
182 479
182 525
183 18
183 93
183 148
183 287
183 324
183 343
183 396
183 424
183 465
183 466
183 467
183 472
183 479
183 499
183 527
183 530
184 50
184 101
184 148
184 243
184 267
184 286
184 324
184 333
184 336
184 401
184 466
184 467
184 468
184 543
185 42
185 96
185 101
185 147
185 155
185 194
185 207
185 237
185 298
185 338
185 342
185 376
185 427
185 466
185 467
185 468
185 472
185 481
186 40
186 155
186 235
186 278
186 288
186 296
186 318
186 324
186 334
186 341
186 342
186 427
186 462
186 467
186 468
186 469
186 482
186 530
186 591
187 145
187 154
187 228
187 256
187 265
187 269
187 272
187 289
187 290
187 431
187 467
187 468
187 469
187 521
188 87
188 131
188 153
188 154
188 269
188 291
188 339
188 340
188 369
188 401
188 431
188 468
188 469
188 470
188 541
189 90
189 112
189 152
189 153
189 154
189 324
189 334
189 394
189 431
189 468
189 469
189 470
189 475
189 486
189 487
189 523
189 584
189 591
190 79
190 92
190 125
190 152
190 153
190 237
190 263
190 308
190 316
190 334
190 436
190 469
190 470
190 486
190 593
190 594
190 599
191 74
191 94
191 151
191 152
191 153
191 233
191 334
191 469
191 470
191 596
192 73
192 92
192 150
192 151
192 152
192 153
192 429
192 470
192 471
193 60
193 70
193 72
193 75
193 91
193 150
193 151
193 152
193 260
193 284
193 312
193 317
193 354
193 470
193 471
193 472
194 149
194 151
194 152
194 263
194 275
194 278
194 287
194 361
194 471
194 472
194 479
194 496
194 512
194 523
194 603
195 13
195 86
195 148
195 149
195 150
195 151
195 152
195 234
195 337
195 471
195 472
195 514
196 26
196 30
196 69
196 147
196 148
196 149
196 150
196 151
196 203
196 215
196 222
196 224
196 226
196 325
196 349
196 385
196 414
196 472
196 473
196 481
197 22
197 23
197 30
197 31
197 72
197 107
197 142
197 148
197 149
197 150
197 151
197 194
197 210
197 232
197 241
197 325
197 439
197 473
197 533
197 589
197 598
197 600
198 18
198 31
198 52
198 68
198 148
198 149
198 150
198 151
198 219
198 335
198 472
198 473
198 474
198 482
198 597
198 601
199 50
199 63
199 134
199 147
199 148
199 149
199 150
199 256
199 335
199 387
199 473
199 474
199 483
199 557
199 599
200 31
200 133
200 146
200 147
200 148
200 149
200 201
200 211
200 297
200 336
200 387
200 473
200 503
200 518
200 539
200 600
201 31
201 68
201 90
201 114
201 132
201 139
201 147
201 148
201 149
201 212
201 230
201 322
201 417
201 422
201 474
201 475
201 497
201 541
201 548
201 600
202 53
202 68
202 114
202 130
202 131
202 146
202 147
202 148
202 149
202 255
202 320
202 403
202 448
202 474
202 475
202 485
202 498
202 512
202 600
203 20
203 21
203 107
203 129
203 130
203 142
203 146
203 147
203 148
203 149
203 165
203 170
203 254
203 256
203 260
203 357
203 452
203 475
203 476
203 486
203 499
203 512
203 530
203 556
203 572
203 580
204 23
204 129
204 136
204 145
204 146
204 147
204 148
204 162
204 173
204 201
204 212
204 253
204 259
204 337
204 390
204 402
204 416
204 449
204 476
204 487
204 495
204 500
204 600
205 103
205 111
205 115
205 123
205 145
205 146
205 147
205 148
205 158
205 166
205 400
205 464
205 466
205 559
206 21
206 115
206 140
206 144
206 145
206 146
206 147
206 148
206 152
206 196
206 209
206 212
206 227
206 236
206 256
206 297
206 336
206 457
206 502
206 517
207 16
207 22
207 32
207 139
207 144
207 145
207 147
207 162
207 175
207 204
207 297
207 336
207 439
207 454
207 489
207 503
207 504
207 560
207 562
208 124
208 144
208 145
208 146
208 147
208 294
208 297
208 326
208 365
208 393
208 462
208 490
208 504
208 564
209 108
209 133
209 143
209 144
209 145
209 146
209 147
209 172
209 197
209 225
209 233
209 253
209 429
209 450
209 474
209 491
209 562
210 14
210 105
210 120
210 137
210 143
210 144
210 146
210 212
210 250
210 297
210 313
210 320
210 336
210 383
210 475
210 502
210 568
211 48
211 77
211 80
211 143
211 144
211 145
211 146
211 270
211 297
211 472
211 507
212 19
212 47
212 130
212 142
212 143
212 144
212 145
212 297
212 411
212 418
212 432
212 435
212 439
212 493
212 517
212 572
213 62
213 75
213 82
213 118
213 135
213 142
213 143
213 144
213 240
213 258
213 269
213 295
213 397
213 439
213 479
213 494
213 511
214 83
214 90
214 117
214 134
214 141
214 142
214 143
214 144
214 145
214 281
214 337
214 354
214 356
214 482
214 495
214 575
214 589
214 607
215 24
215 62
215 117
215 141
215 142
215 143
215 144
215 167
215 171
215 179
215 206
215 221
215 247
215 279
215 337
215 507
215 514
215 571
216 56
216 75
216 141
216 142
216 143
216 144
216 177
216 338
216 400
216 500
216 502
216 568
216 574
217 59
217 132
217 140
217 141
217 142
217 265
217 337
217 391
217 400
217 477
217 501
217 535
217 545
218 15
218 55
218 114
218 130
218 131
218 140
218 141
218 227
218 237
218 340
218 484
218 546
218 547
218 561
219 82
219 99
219 112
219 122
219 140
219 141
219 188
219 213
219 258
219 505
219 536
219 548
219 550
220 13
220 39
220 51
220 80
220 112
220 130
220 139
220 140
220 147
220 198
220 235
220 323
220 403
221 12
221 41
221 50
221 73
221 85
221 129
221 141
221 151
221 164
221 168
221 189
221 234
221 235
221 268
221 323
221 338
221 360
221 404
221 433
221 500
221 507
221 550
221 576
222 44
222 124
222 128
222 185
222 219
222 223
222 279
222 281
222 296
222 338
222 404
222 467
222 501
222 519
222 551
222 552
222 554
223 38
223 43
223 69
223 180
223 258
223 296
223 344
223 357
223 405
223 502
223 520
223 553
223 608
224 24
224 127
224 137
224 233
224 245
224 247
224 296
224 341
224 469
224 503
224 521
224 523
224 580
224 597
225 32
225 46
225 66
225 71
225 125
225 296
225 522
225 544
225 553
225 554
226 87
226 125
226 189
226 231
226 279
226 286
226 400
226 419
226 504
226 523
226 556
226 570
226 588
226 595
227 45
227 63
227 73
227 156
227 231
227 339
227 402
227 417
227 488
227 505
227 511
227 528
227 547
227 557
227 570
228 46
228 124
228 138
228 339
228 410
228 506
228 558
228 576
228 577
229 87
229 113
229 115
229 184
229 208
229 254
229 503
229 507
229 560
230 69
230 75
230 114
230 122
230 291
230 342
230 504
230 508
230 561
231 39
231 45
231 68
231 80
231 122
231 212
231 279
231 340
231 367
231 421
231 436
231 471
231 504
231 508
231 529
231 556
231 562
231 563
231 571
232 121
232 182
232 449
232 504
232 509
232 530
232 553
232 554
232 602
233 19
233 22
233 66
233 78
233 99
233 100
233 113
233 120
233 183
233 187
233 209
233 227
233 236
233 340
233 414
233 440
233 471
233 492
233 507
233 510
233 531
234 10
234 64
234 65
234 119
234 225
234 244
234 255
234 295
234 340
234 423
234 470
234 504
234 505
234 509
234 511
234 513
234 532
234 565
234 566
234 584
235 96
235 97
235 98
235 110
235 119
235 260
235 290
235 295
235 411
235 416
235 475
235 491
235 499
235 505
235 512
235 525
235 533
235 609
236 38
236 61
236 62
236 63
236 95
236 97
236 110
236 118
236 206
236 223
236 295
236 352
236 505
236 512
236 566
236 568
236 585
237 41
237 72
237 94
237 96
237 117
237 139
237 353
237 426
237 489
237 504
237 505
237 513
237 545
237 569
238 36
238 60
238 61
238 72
238 95
238 116
238 117
238 278
238 425
238 428
238 438
238 469
238 505
238 514
238 571
238 609
239 59
239 65
239 94
239 116
239 223
239 341
239 479
239 504
239 572
239 573
239 575
239 595
240 37
240 55
240 58
240 115
240 187
240 260
240 325
240 341
240 469
240 539
241 56
241 57
241 540
241 552
241 567
241 574
241 576
241 607
242 40
242 55
242 91
242 114
242 117
242 123
242 314
242 489
242 506
242 512
242 518
242 541
242 543
242 576
242 596
243 25
243 32
243 54
243 102
243 113
243 117
243 219
243 294
243 435
243 452
243 506
243 510
243 542
243 577
243 578
244 18
244 102
244 112
244 117
244 218
244 294
244 342
244 359
244 434
244 469
244 493
244 518
244 543
244 556
244 585
245 51
245 52
245 86
245 99
245 111
245 200
245 294
245 307
245 436
245 455
245 545
245 573
245 579
246 46
246 110
246 111
246 116
246 200
246 207
246 307
246 354
246 371
246 433
246 546
246 581
247 24
247 45
247 49
247 50
247 83
247 110
247 116
247 117
247 193
247 217
247 221
247 547
247 549
247 582
247 584
247 594
248 13
248 51
248 82
248 84
248 116
248 205
248 231
248 318
248 322
248 398
248 441
248 465
248 491
248 548
248 583
248 584
249 46
249 80
249 82
249 83
249 113
249 116
249 136
249 138
249 147
249 231
249 370
249 419
249 437
249 559
249 578
249 584
249 585
249 586
250 12
250 54
250 82
250 290
250 343
250 346
250 379
250 397
250 531
250 581
250 586
250 591
251 44
251 81
251 155
251 178
251 256
251 292
251 293
251 433
251 478
251 585
251 587
251 588
252 40
252 77
252 137
252 272
252 293
252 379
252 436
252 589
253 33
253 41
253 42
253 58
253 76
253 113
253 115
253 202
253 370
253 590
253 591
254 65
254 101
254 115
254 212
254 270
254 290
254 368
254 418
254 555
255 39
255 40
255 105
255 115
255 119
255 122
255 199
255 200
255 209
255 271
255 290
255 327
255 344
255 371
255 556
255 588
255 599
256 27
256 38
256 115
256 144
256 161
256 164
256 330
256 346
256 425
256 484
256 488
256 572
256 595
257 37
257 44
257 113
257 289
257 345
257 410
257 418
257 434
257 591
257 592
257 595
258 34
258 35
258 42
258 75
258 184
258 194
258 198
258 256
258 314
258 325
258 331
258 344
258 363
258 369
258 473
258 474
258 552
258 555
258 593
258 600
259 30
259 41
259 69
259 72
259 85
259 113
259 125
259 163
259 292
259 345
259 473
259 474
259 561
259 598
259 602
260 32
260 33
260 34
260 40
260 71
260 113
260 196
260 197
260 275
260 345
260 347
260 387
260 396
260 464
260 473
260 474
260 475
260 497
260 562
260 571
260 592
261 31
261 32
261 108
261 113
261 255
261 271
261 292
261 424
261 462
261 475
261 511
261 563
262 30
262 31
262 67
262 69
262 132
262 190
262 292
262 565
263 28
263 29
263 68
263 176
263 194
263 465
263 467
263 555
263 566
264 27
264 28
264 211
264 346
264 347
264 348
264 365
264 395
264 480
264 506
264 567
265 26
265 27
265 133
265 170
265 193
265 291
265 327
265 346
265 355
265 400
265 401
265 457
265 508
265 568
266 24
266 64
266 120
266 167
266 180
266 276
266 311
266 347
266 387
266 398
266 402
266 473
266 569
266 605
267 23
267 24
267 25
267 49
267 63
267 132
267 154
267 164
267 177
267 291
267 332
267 350
267 378
267 397
267 479
267 513
268 18
268 22
268 23
268 62
268 123
268 191
268 290
268 315
268 332
268 347
268 349
268 391
268 395
268 504
268 572
269 16
269 20
269 21
269 22
269 44
269 58
269 143
269 189
269 193
269 258
269 314
269 317
269 327
269 347
269 373
269 387
269 391
269 392
269 405
269 469
269 573
270 15
270 18
270 20
270 52
270 57
270 60
270 200
270 205
270 288
270 364
270 392
270 574
270 579
271 19
271 54
271 59
271 147
271 189
271 373
271 391
271 449
271 467
271 505
272 58
272 142
272 144
272 166
272 187
272 191
272 283
272 290
272 348
272 392
272 466
272 505
272 576
273 57
273 111
273 260
273 290
273 306
273 348
273 390
273 425
273 457
273 578
273 597
273 598
274 55
274 124
274 130
274 138
274 195
274 206
274 207
274 352
274 390
274 441
274 468
274 504
274 596
274 599
275 14
275 54
275 128
275 132
275 195
275 287
275 333
275 385
275 389
275 443
275 504
275 580
275 600
276 53
276 60
276 207
276 271
276 282
276 333
276 348
276 391
276 464
276 504
276 581
277 52
277 111
277 189
277 289
277 333
277 349
277 390
277 409
277 503
277 583
277 588
278 51
278 150
278 152
278 192
278 207
278 208
278 305
278 353
278 374
278 390
278 400
278 434
278 463
278 503
278 584
279 49
279 114
279 151
279 256
279 257
279 281
279 288
279 289
279 305
279 319
279 333
279 352
279 494
279 585
280 48
280 142
280 151
280 221
280 257
280 286
280 350
280 351
280 387
280 409
280 443
280 473
280 476
280 503
280 508
280 586
280 587
281 17
281 38
281 47
281 142
281 187
281 305
281 350
281 362
281 409
281 462
281 471
281 480
281 502
281 503
281 588
282 46
282 112
282 279
282 288
282 333
282 351
282 389
282 409
282 462
282 465
282 505
282 589
283 209
283 328
283 409
283 502
283 590
284 41
284 43
284 137
284 287
284 288
284 351
284 409
284 500
284 501
284 502
284 591
284 592
285 34
285 40
285 42
285 119
285 256
285 282
285 286
285 334
285 351
285 403
285 406
285 409
285 433
285 500
285 501
285 592
285 593
286 274
286 314
286 334
286 387
286 408
286 463
286 500
286 501
286 593
287 144
287 229
287 334
287 353
287 387
287 400
287 408
287 464
287 498
287 501
287 595
288 26
288 34
288 39
288 153
288 287
288 314
288 329
288 334
288 352
288 356
288 382
288 387
288 397
288 408
288 409
288 415
288 433
288 461
288 500
288 596
288 600
289 24
289 38
289 255
289 271
289 272
289 287
289 325
289 352
289 361
289 408
289 409
289 433
289 438
289 447
289 461
289 481
289 494
289 499
289 597
289 598
290 36
290 147
290 173
290 183
290 212
290 225
290 255
290 262
290 264
290 271
290 313
290 317
290 329
290 334
290 368
290 408
290 409
290 453
290 461
290 499
290 500
290 599
291 28
291 167
291 269
291 270
291 335
291 368
291 407
291 408
291 409
291 446
291 463
291 499
291 600
292 34
292 157
292 175
292 250
292 284
292 286
292 322
292 353
292 408
292 409
292 461
292 468
292 498
292 509
292 598
292 601
292 602
293 30
293 33
293 234
293 258
293 269
293 286
293 305
293 353
293 407
293 408
293 409
293 472
293 480
293 498
293 599
293 602
294 143
294 232
294 286
294 304
294 317
294 407
294 408
294 409
294 497
294 498
294 603
295 31
295 120
295 216
295 237
295 304
295 335
295 357
295 387
295 407
295 408
295 409
295 461
295 497
295 498
296 29
296 259
296 281
296 304
296 322
296 329
296 335
296 354
296 355
296 387
296 406
296 407
296 408
296 409
296 420
296 497
297 28
297 285
297 304
297 356
297 387
297 398
297 406
297 407
297 408
297 485
297 496
297 497
297 504
298 26
298 27
298 121
298 147
298 150
298 181
298 227
298 230
298 234
298 285
298 304
298 316
298 335
298 387
298 395
298 406
298 408
298 455
298 461
298 464
298 496
299 22
299 23
299 26
299 125
299 202
299 207
299 230
299 242
299 285
299 304
299 355
299 367
299 386
299 405
299 406
299 407
299 408
299 427
299 434
299 449
299 461
299 502
300 25
300 32
300 122
300 163
300 231
300 304
300 313
300 336
300 355
300 359
300 386
300 405
300 406
300 407
300 408
300 496
300 502
301 23
301 122
301 231
301 276
301 284
301 304
301 385
301 386
301 404
301 405
301 406
301 407
301 436
301 446
301 464
301 495
301 509
302 22
302 123
302 218
302 231
302 233
302 237
302 275
302 284
302 304
302 356
302 383
302 386
302 397
302 404
302 405
302 406
302 407
302 461
302 477
302 494
303 20
303 21
303 158
303 234
303 240
303 284
303 304
303 360
303 404
303 405
303 406
303 407
303 412
304 20
304 123
304 152
304 200
304 234
304 273
304 274
304 304
304 309
304 324
304 330
304 404
304 405
304 406
304 499
305 19
305 30
305 124
305 200
305 205
305 235
305 283
305 357
305 387
305 396
305 404
305 405
305 450
305 452
306 125
306 147
306 164
306 166
306 201
306 234
306 236
306 280
306 283
306 304
306 323
306 357
306 361
306 362
306 369
306 393
306 403
306 404
306 405
306 432
306 461
307 236
307 281
307 283
307 303
307 304
307 322
307 330
307 357
307 393
307 403
307 404
307 450
307 464
307 478
308 23
308 167
308 218
308 236
308 240
308 269
308 270
308 304
308 358
308 362
308 386
308 392
308 402
308 403
308 404
308 405
308 499
308 502
309 167
309 236
309 239
309 330
309 358
309 363
309 386
309 402
309 404
309 415
309 428
309 463
309 478
309 501
310 22
310 127
310 253
310 271
310 282
310 358
310 386
310 390
310 401
310 402
310 403
310 461
310 502
310 507
311 127
311 227
311 282
311 313
311 362
311 363
311 364
311 401
311 402
311 403
311 414
311 433
311 452
311 491
311 499
311 504
312 128
312 168
312 202
312 209
312 269
312 313
312 316
312 337
312 359
312 364
312 401
312 402
312 403
312 504
312 505
313 124
313 214
313 223
313 237
313 281
313 359
313 364
313 401
313 402
313 502
314 129
314 154
314 155
314 177
314 238
314 265
314 281
314 319
314 328
314 337
314 385
314 400
314 401
314 402
314 412
314 454
314 471
314 481
314 499
315 149
315 169
315 213
315 217
315 265
315 281
315 303
315 331
315 359
315 360
315 365
315 386
315 400
315 401
315 402
315 425
315 443
316 125
316 163
316 229
316 245
316 266
316 281
316 303
316 360
316 385
316 386
316 399
316 400
316 401
316 461
316 477
316 502
316 508
317 168
317 238
317 239
317 264
317 280
317 314
317 331
317 338
317 399
317 400
317 404
317 422
317 443
317 461
317 503
318 131
318 196
318 264
318 280
318 312
318 361
318 391
318 399
318 400
318 402
318 409
318 461
319 120
319 220
319 261
319 280
319 361
319 398
319 399
319 408
319 447
319 489
319 499
320 132
320 146
320 197
320 239
320 260
320 263
320 303
320 382
320 386
320 398
320 399
320 464
320 503
321 171
321 247
321 279
321 302
321 312
321 313
321 330
321 338
321 362
321 364
321 398
321 399
321 401
321 406
321 457
322 133
322 171
322 240
322 279
322 312
322 318
322 362
322 397
322 398
322 417
323 162
323 240
323 262
323 279
323 363
323 364
323 397
323 398
323 445
323 464
324 195
324 240
324 241
324 363
324 386
324 396
324 397
324 466
324 473
324 488
324 496
324 504
325 172
325 224
325 241
325 278
325 363
325 383
325 385
325 396
325 397
325 407
325 460
325 477
325 488
326 278
326 364
326 365
326 368
326 395
326 396
326 437
326 443
326 500
327 126
327 141
327 156
327 227
327 234
327 364
327 382
327 395
327 396
327 407
327 511
328 159
328 187
328 222
328 234
328 237
328 277
328 313
328 330
328 364
328 377
328 385
328 395
328 400
328 482
328 500
329 127
329 227
329 241
329 277
329 313
329 365
329 367
329 385
329 394
329 395
329 399
329 459
329 460
329 481
330 140
330 226
330 241
330 255
330 277
330 301
330 313
330 365
330 375
330 376
330 377
330 379
330 389
330 394
330 398
330 459
330 463
330 500
331 127
331 132
331 174
331 258
331 365
331 377
331 378
331 394
331 397
331 410
331 432
331 463
332 143
332 172
332 174
332 206
332 228
332 276
332 366
332 380
332 385
332 393
332 394
332 396
332 458
332 504
333 128
333 225
333 244
333 276
333 288
333 366
333 375
333 376
333 377
333 378
333 379
333 380
333 385
333 393
333 395
333 433
333 448
333 458
333 487
334 127
334 175
334 377
334 378
334 379
334 381
334 392
334 393
334 394
334 504
335 143
335 166
335 225
335 242
335 288
335 312
335 333
335 367
335 372
335 377
335 379
335 380
335 381
335 385
335 392
335 393
335 399
335 457
336 126
336 130
336 132
336 193
336 204
336 226
336 238
336 242
336 243
336 311
336 367
336 376
336 377
336 378
336 379
336 380
336 381
336 385
336 388
336 391
336 436
336 480
336 513
337 129
337 141
337 176
337 234
337 239
337 267
337 275
337 288
337 311
337 368
337 377
337 378
337 379
337 380
337 381
337 382
337 391
337 448
337 456
337 500
338 126
338 158
338 168
338 205
338 223
338 239
338 270
338 368
338 378
338 379
338 380
338 381
338 382
338 488
338 510
339 123
339 158
339 177
339 189
339 232
339 236
339 239
339 254
339 288
339 312
339 317
339 333
339 368
339 371
339 377
339 378
339 379
339 380
339 381
339 384
339 385
339 390
339 455
339 500
340 134
340 240
340 243
340 315
340 332
340 369
340 378
340 379
340 380
340 383
340 390
340 428
340 434
340 449
340 470
341 122
341 126
341 131
341 158
341 178
341 208
341 238
341 240
341 250
341 312
341 369
341 378
341 379
341 380
341 381
341 382
341 384
341 389
341 391
341 399
341 426
341 459
341 500
342 128
342 129
342 155
342 210
342 239
342 241
342 311
342 312
342 334
342 370
342 378
342 379
342 380
342 381
342 382
342 383
342 384
342 389
342 442
342 453
342 505
342 525
343 159
343 178
343 179
343 211
343 240
343 332
343 335
343 370
343 380
343 382
343 383
343 384
343 389
343 479
343 500
343 513
344 135
344 193
344 212
344 247
344 318
344 370
344 378
344 379
344 380
344 381
344 382
344 383
344 384
344 385
344 386
344 388
344 416
344 440
344 452
344 482
344 513
344 525
345 180
345 212
345 218
345 248
345 337
345 355
345 371
345 379
345 380
345 381
345 383
345 384
345 385
345 386
345 387
345 388
345 426
345 451
345 500
346 214
346 237
346 250
346 266
346 306
346 311
346 312
346 355
346 371
346 377
346 379
346 380
346 381
346 382
346 383
346 384
346 437
346 438
346 500
346 516
346 525
347 312
347 371
347 372
347 379
347 380
347 381
347 382
347 383
347 384
347 385
347 395
347 449
347 451
347 478
347 487
347 526
348 135
348 136
348 182
348 222
348 372
348 375
348 381
348 383
348 384
348 386
348 409
348 436
348 456
348 500
348 514
348 517
349 148
349 161
349 242
349 372
349 379
349 380
349 381
349 382
349 417
349 434
349 448
349 474
349 526
350 128
350 129
350 198
350 252
350 256
350 306
350 336
350 373
350 384
350 387
350 425
351 137
351 175
351 184
351 216
351 249
351 338
351 373
351 380
351 381
351 382
351 383
351 386
351 431
351 446
351 505
352 128
352 130
352 137
352 178
352 185
352 285
352 310
352 373
352 374
352 463
352 472
352 481
352 509
353 224
353 247
353 256
353 285
353 320
353 338
353 373
353 374
353 377
353 382
353 383
353 403
353 418
353 484
354 240
354 246
354 285
354 374
354 409
354 442
354 468
354 513
354 526
355 126
355 138
355 183
355 184
355 246
355 375
355 413
355 441
355 499
355 504
356 138
356 187
356 188
356 226
356 247
356 305
356 311
356 335
356 336
356 375
356 391
356 446
356 468
357 186
357 189
357 231
357 243
357 247
357 263
357 299
357 305
357 311
357 335
357 375
357 376
357 399
357 423
357 439
357 474
358 190
358 217
358 248
358 305
358 311
358 319
358 321
358 335
358 376
358 437
358 482
358 513
359 166
359 191
359 205
359 248
359 305
359 321
359 335
359 376
359 377
359 436
359 461
359 481
359 527
360 131
360 156
360 174
360 221
360 249
360 319
360 377
360 435
360 457
361 157
361 188
361 193
361 305
361 320
361 357
361 377
361 440
361 472
362 140
362 157
362 158
362 168
362 194
362 208
362 357
362 377
362 378
362 395
362 432
362 458
363 139
363 157
363 158
363 164
363 169
363 195
363 234
363 317
363 378
363 431
363 440
364 132
364 158
364 159
364 196
364 201
364 378
364 379
364 382
364 411
364 443
364 502
365 127
365 130
365 147
365 158
365 159
365 160
365 197
365 239
365 251
365 309
365 379
365 422
365 428
365 442
365 464
365 473
365 497
366 130
366 159
366 160
366 161
366 198
366 250
366 320
366 379
366 380
366 383
366 427
366 441
367 133
367 142
367 158
367 159
367 160
367 161
367 162
367 173
367 238
367 251
367 320
367 336
367 380
367 440
368 138
368 160
368 161
368 162
368 172
368 251
368 267
368 336
368 380
368 381
368 424
368 439
368 473
369 127
369 160
369 161
369 162
369 163
369 310
369 381
369 423
369 438
370 164
370 176
370 198
370 202
370 203
370 223
370 241
370 267
370 310
370 381
370 434
370 456
370 508
370 511
371 137
371 163
371 164
371 165
371 192
371 223
371 338
371 381
371 382
371 435
371 458
371 462
371 495
371 500
371 531
372 132
372 138
372 139
372 164
372 165
372 166
372 224
372 248
372 259
372 382
372 419
372 432
372 457
372 468
372 502
373 135
373 164
373 165
373 166
373 167
373 202
373 207
373 253
373 308
373 382
373 383
373 448
373 507
373 526
374 133
374 146
374 151
374 165
374 167
374 168
374 176
374 208
374 253
374 296
374 337
374 383
374 416
375 168
375 169
375 179
375 329
375 338
375 383
375 384
375 415
375 418
375 503
375 526
376 133
376 167
376 168
376 169
376 170
376 337
376 384
376 414
376 415
376 444
376 448
376 451
376 461
376 464
376 508
377 148
377 168
377 169
377 170
377 171
377 184
377 186
377 212
377 223
377 321
377 337
377 384
377 385
377 415
377 417
377 458
377 494
378 170
378 171
378 172
378 191
378 228
378 255
378 337
378 384
378 385
378 443
378 451
378 525
379 133
379 168
379 169
379 170
379 171
379 172
379 173
379 219
379 339
379 385
379 386
379 504
379 525
379 531
380 138
380 150
380 171
380 172
380 173
380 174
380 175
380 216
380 221
380 253
380 339
380 385
380 386
380 425
380 431
380 445
380 487
381 134
381 138
381 139
381 175
381 217
381 386
381 387
381 493
382 175
382 176
382 186
382 230
382 231
382 255
382 312
382 386
382 387
382 407
382 425
382 491
382 502
382 503
382 504
382 511
382 524
383 194
383 200
383 219
383 312
383 338
383 387
383 388
383 414
383 421
383 480
383 502
384 140
384 338
384 387
384 388
384 417
384 418
384 422
384 479
384 481
385 140
385 141
385 147
385 209
385 220
385 221
385 222
385 234
385 247
385 321
385 331
385 388
385 453
385 477
386 142
386 189
386 193
386 205
386 331
386 342
386 388
386 389
386 429
386 439
386 444
386 459
386 476
386 498
387 121
387 137
387 208
387 257
387 389
387 390
387 444
387 475
387 498
387 499
387 528
388 122
388 138
388 139
388 294
388 331
388 389
388 390
388 440
388 441
388 442
388 472
388 486
388 505
389 251
389 390
389 391
389 471
389 483
389 521
389 527
390 154
390 202
390 216
390 333
390 363
390 370
390 390
390 391
390 468
390 495
390 520
391 145
391 213
391 245
391 307
391 391
391 466
391 483
391 526
392 124
392 147
392 163
392 391
392 392
392 465
393 392
393 462
393 475
393 490
393 518
393 525
394 165
394 199
394 392
394 393
394 413
394 525
395 126
395 211
395 254
395 339
395 392
395 393
395 412
395 459
395 516
396 158
396 203
396 294
396 305
396 393
396 394
396 395
396 396
396 411
396 447
396 456
396 469
396 523
397 152
397 329
397 394
397 409
397 410
397 454
397 515
397 522
398 153
398 154
398 164
398 171
398 172
398 202
398 394
398 442
398 451
398 460
398 513
398 521
399 129
399 167
399 171
399 197
399 250
399 251
399 305
399 394
399 395
399 449
399 458
399 521
400 130
400 167
400 217
400 243
400 395
400 447
400 449
400 481
400 489
400 514
400 519
401 169
401 175
401 177
401 217
401 307
401 342
401 395
401 444
401 456
402 167
402 342
402 366
403 133
403 181
403 307
403 340
403 342
403 383
403 396
403 457
403 480
404 134
404 156
404 178
404 222
404 259
404 383
404 457
404 464
404 481
404 505
405 134
405 165
405 307
405 383
405 514
406 179
406 315
406 328
406 368
406 462
407 180
407 224
407 225
407 307
407 314
407 315
407 333
407 398
407 499
407 516
408 169
408 182
408 498
408 504
408 511
409 306
409 455
409 456
410 182
410 252
410 383
410 492
411 306
412 489
413 353
413 484
414 231
414 315
414 344
414 379
414 482
415 232
415 315
415 479
416 258
416 342
417 312
418 305
418 316
418 317
418 342
418 384
419 380
420 302
420 305
420 344
421 305
422 233
422 264
422 305
423 234
423 291
424 235
424 238
424 263
424 300
425 238
425 307
426 343
426 381
427 264
428 237
428 257
428 262
428 304
428 382
429 238
429 304
429 387
430 239
430 262
430 304
430 336
431 262
431 289
431 304
432 242
432 262
432 313
432 344
432 388
433 255
433 344
434 255
434 344
435 255
435 261
435 344
435 388
436 300
436 303
436 307
436 388
437 384
438 303
438 384
439 269
439 303
439 342
439 345
440 345
441 287
441 345
441 349
442 303
442 345
442 427
443 254
443 287
444 254
444 299
444 302
445 299
445 302
446 376
447 346
448 302
448 346
448 424
449 286
449 302
449 346
449 386
449 427
450 253
450 286
450 387
451 253
451 301
451 349
452 387
453 285
453 301
453 402
454 257
454 347
455 257
455 301
455 347
455 429
456 301
456 347
457 297
458 257
458 361
458 404
459 256
459 299
459 389
460 266
460 299
460 300
460 348
460 430
461 256
461 296
462 300
462 429
463 362
463 390
464 255
464 300
464 348
465 254
465 300
465 306
465 430
466 255
466 426
467 299
467 430
468 299
468 396
469 254
469 299
469 349
469 430
470 299
470 349
470 409
471 254
471 308
471 349
472 392
473 250
473 299
474 253
474 344
475 296
475 350
475 393
475 434
476 253
476 298
476 350
477 298
477 393
478 298
478 352
478 393
478 432
479 281
479 394
480 351
480 365
480 432
481 252
481 433
482 297
483 248
483 297
483 351
483 395
484 294
484 297
484 351
485 297
486 297
486 304
486 400
486 433
488 246
489 250
489 296
489 352
490 296
490 367
491 296
491 352
491 357
492 296
492 352
492 397
492 435
493 291
493 296
494 248
494 249
494 397
494 437
495 295
495 353
495 397
495 438
496 248
496 295
496 303
496 353
496 398
496 406
497 295
498 295
498 353
499 279
499 295
499 353
499 358
500 295
500 369
500 399
501 247
501 303
502 354
503 277
503 294
503 354
504 294
504 404
505 294
506 246
506 354
506 400
507 289
507 294
509 225
509 355
510 293
510 302
510 355
510 371
510 401
511 246
511 293
512 293
512 359
512 361
513 224
513 245
513 293
513 356
514 254
514 275
514 288
514 356
514 402
515 356
515 372
516 292
516 356
517 292
518 292
519 292
519 356
520 274
520 286
520 291
520 292
521 394
522 357
523 291
523 349
523 357
524 291
525 291
525 349
525 374
526 291
526 358
527 358
528 358
529 290
529 358
530 272
531 290
532 290
