-40 544
-40 545
-39 543
-38 541
-38 542
-37 540
-36 539
-36 540
-35 537
-35 538
-34 536
-34 537
-33 536
-32 533
-32 534
-31 533
-30 531
-30 532
-29 530
-28 528
-28 529
-27 528
-25 524
-25 525
-23 522
-22 520
-22 521
-21 519
-21 520
-20 518
-19 516
-19 517
-18 515
-18 516
-17 519
-16 512
-16 513
-15 511
-15 512
-14 456
-14 457
-14 510
-13 456
-13 509
-13 514
-12 455
-12 508
-11 454
-11 506
-10 452
-10 453
-10 504
-10 505
-10 510
-9 450
-9 451
-9 503
-9 504
-8 449
-8 450
-8 502
-7 448
-7 449
-7 500
-7 501
-6 447
-6 448
-6 499
-6 500
-5 446
-5 447
-5 498
-4 446
-4 497
-4 502
-3 444
-3 445
-3 495
-3 496
-2 444
-2 493
-2 494
-1 442
-1 443
-1 492
-1 498
0 441
0 491
1 440
1 489
2 438
2 439
2 488
2 489
2 494
3 437
3 438
4 436
4 437
4 485
4 486
4 491
5 436
5 484
5 485
5 490
6 434
6 482
6 483
7 433
7 482
7 487
9 430
9 431
9 478
9 479
10 429
10 430
10 477
10 478
11 428
11 475
11 476
12 427
12 474
12 475
12 480
13 425
13 426
13 479
14 424
14 425
14 471
14 472
15 423
15 470
15 476
16 422
16 468
16 469
17 420
17 421
17 467
17 468
18 419
18 465
18 466
19 418
19 464
20 416
20 417
20 462
20 463
20 469
21 415
21 416
21 461
21 462
22 414
22 459
22 460
23 413
23 458
23 465
24 411
24 412
24 457
25 455
25 456
26 409
26 454
27 407
27 408
27 452
27 453
28 406
28 451
29 405
29 449
29 450
30 403
30 448
30 455
31 402
31 446
31 447
32 400
32 401
32 445
33 399
33 443
33 444
34 398
34 441
34 442
35 396
35 440
35 441
36 438
36 439
37 393
37 437
37 438
38 392
38 435
38 436
39 390
39 434
40 389
85 709
225 517
228 512
230 727
231 507
231 726
232 505
232 726
235 723
236 723
237 722
238 721
239 493
241 719
242 718
243 717
243 718
245 482
245 716
246 715
247 715
248 714
249 713
250 712
251 712
252 711
254 709
255 708
255 709
256 708
257 707
258 706
259 705
260 705
261 704
262 703
263 702
264 702
265 701
266 700
267 476
267 477
267 478
267 479
267 480
267 481
267 699
268 474
268 475
268 476
268 478
268 479
268 480
268 481
268 699
269 471
269 472
269 473
269 474
269 475
269 476
269 477
269 478
269 479
269 481
269 698
270 470
270 471
270 472
270 478
270 479
270 697
271 467
271 468
271 469
271 478
271 479
271 480
271 696
272 466
272 467
272 478
272 479
272 696
272 727
273 463
273 464
273 465
273 478
273 695
273 727
274 461
274 462
274 463
274 477
274 478
274 694
274 726
274 727
275 459
275 460
275 461
275 477
275 478
275 693
275 727
276 476
276 477
276 692
276 725
276 726
276 727
277 692
277 725
277 727
278 475
278 691
278 724
278 725
278 726
279 474
279 690
279 724
279 725
279 726
279 727
280 689
280 690
280 723
280 725
280 726
280 727
281 689
281 723
281 724
281 725
281 726
282 688
282 723
282 724
282 725
282 726
283 722
283 724
283 725
284 722
284 723
284 724
284 725
285 721
285 722
285 723
285 724
286 721
286 722
286 723
286 724
286 726
287 720
287 721
287 722
287 723
287 724
288 720
288 721
288 722
288 723
289 719
289 721
289 722
289 723
290 719
290 720
290 721
290 722
291 718
291 719
291 720
291 721
291 722
292 718
292 719
292 721
293 718
293 719
293 720
293 721
294 717
294 718
294 719
294 720
294 721
295 717
295 718
295 719
295 720
296 716
296 717
296 718
296 719
296 720
297 716
297 717
297 718
297 719
298 715
298 716
298 717
298 718
298 719
299 715
299 716
299 717
299 718
300 714
300 715
300 716
300 717
300 718
301 714
301 715
301 716
301 717
301 718
302 714
302 715
302 716
302 717
303 713
303 714
303 715
303 716
303 717
304 713
304 714
304 715
304 716
305 712
305 713
305 714
305 715
305 716
306 712
306 713
306 714
306 715
306 716
307 711
307 712
307 713
307 714
307 715
308 711
308 712
308 713
308 714
308 715
309 710
309 711
309 712
309 713
309 714
310 710
310 711
310 712
310 713
310 714
311 710
311 711
311 712
311 713
312 709
312 710
312 711
312 713
313 710
313 711
313 712
313 713
314 708
314 710
314 711
314 712
315 708
315 709
315 710
315 711
315 712
316 707
316 708
316 709
316 710
316 711
317 707
317 708
317 709
317 710
317 711
318 707
318 708
318 709
318 710
318 711
319 706
319 707
319 708
319 709
319 710
320 706
320 707
320 708
320 709
320 710
321 705
321 706
321 707
321 708
321 709
322 705
322 706
322 707
322 708
322 709
323 705
323 706
323 707
323 708
323 709
324 704
324 705
324 706
324 707
324 708
325 704
325 705
325 706
325 707
325 708
326 703
326 704
326 705
326 706
326 707
326 708
327 703
327 704
327 705
327 707
328 702
328 703
328 704
328 705
328 706
328 707
329 702
329 703
329 704
329 705
329 706
330 702
330 703
330 704
330 705
330 706
331 701
331 702
331 704
331 705
331 706
332 701
332 702
332 703
332 704
333 700
333 701
333 702
333 703
333 704
333 705
334 700
334 701
334 702
334 703
334 704
335 699
335 700
335 701
335 702
335 703
335 704
336 699
336 700
336 701
336 702
336 703
337 699
337 700
337 702
337 703
338 699
338 700
338 701
338 702
338 703
339 698
339 699
339 700
339 701
339 702
339 703
340 697
340 698
340 699
340 700
340 701
340 702
341 698
341 699
341 700
341 701
341 702
342 698
342 699
342 700
342 701
343 696
343 697
343 698
343 699
343 700
343 701
344 696
344 697
344 699
344 700
344 701
345 695
345 696
345 697
345 698
345 699
345 700
346 695
346 696
346 697
346 698
346 699
346 700
347 695
347 697
347 698
347 699
347 700
348 694
348 695
348 696
348 697
348 698
348 699
349 694
349 695
349 696
349 697
349 698
349 699
350 693
350 694
350 696
350 697
350 698
351 693
351 694
351 695
351 696
351 697
352 693
352 694
352 695
352 696
352 697
352 698
353 692
353 693
353 694
353 695
353 696
353 697
354 692
354 693
354 694
354 695
354 696
354 697
355 691
355 692
355 693
355 694
355 695
355 696
355 697
356 692
356 693
356 694
356 695
356 696
357 691
357 692
357 693
357 694
357 695
357 696
358 690
358 691
358 692
358 693
358 694
358 695
359 690
359 691
359 694
359 695
360 689
360 690
360 691
360 692
360 693
360 694
361 689
361 690
361 691
361 692
361 693
361 694
362 689
362 690
362 691
362 692
362 693
362 694
363 688
363 689
363 690
363 691
363 692
363 693
363 694
364 688
364 689
364 690
364 691
364 692
364 693
365 687
365 688
365 689
365 690
365 691
365 692
365 693
366 687
366 688
366 689
366 690
366 691
366 692
366 693
367 687
367 688
367 689
367 690
367 691
367 692
368 686
368 687
368 688
368 689
368 691
368 692
369 686
369 687
369 688
369 689
369 690
369 692
370 686
370 688
370 689
370 690
370 691
371 685
371 686
371 687
371 688
371 689
371 690
371 691
372 685
372 686
372 687
372 688
372 689
372 690
372 691
373 684
373 685
373 686
373 687
373 688
373 689
373 690
374 684
374 685
374 686
374 687
374 688
374 690
375 684
375 685
375 686
375 687
375 688
375 689
375 690
376 683
376 684
376 685
376 686
376 687
376 688
376 689
377 683
377 684
377 685
377 686
377 687
377 689
378 683
378 684
378 685
378 686
378 687
378 688
379 682
379 683
379 684
379 685
379 686
379 687
379 688
380 682
380 683
380 684
380 685
380 687
380 688
381 681
381 682
381 683
381 684
381 685
381 686
381 687
382 681
382 682
382 683
382 684
382 685
382 686
382 687
383 681
383 682
383 683
383 684
383 685
383 686
383 687
384 680
384 681
384 682
384 683
384 684
384 685
384 686
385 680
385 681
385 682
385 683
385 684
385 685
385 686
386 680
386 681
386 682
386 683
386 684
386 685
386 686
387 679
387 680
387 681
387 682
387 684
387 685
388 679
388 680
388 681
388 682
388 683
388 684
388 685
389 678
389 679
389 680
389 681
389 682
389 683
389 684
389 685
390 678
390 679
390 680
390 681
390 682
390 683
390 684
391 678
391 679
391 680
391 681
391 682
391 683
392 677
392 678
392 679
392 680
392 681
392 682
392 683
392 684
393 677
393 678
393 679
393 680
393 681
393 682
393 683
394 677
394 679
394 680
394 681
394 682
394 683
395 676
395 677
395 679
395 680
395 681
395 682
395 683
396 676
396 677
396 678
396 679
396 680
396 681
396 682
397 676
397 677
397 678
397 679
397 680
397 681
397 682
398 675
398 676
398 677
398 678
398 679
398 680
398 681
398 682
399 675
399 676
399 677
399 678
399 679
399 680
399 681
399 682
400 674
400 675
400 676
400 677
400 678
400 679
400 680
400 681
401 674
401 675
401 676
401 677
401 678
401 679
401 680
401 681
402 674
402 675
402 676
402 677
402 678
402 679
402 680
402 681
403 673
403 674
403 675
403 676
403 677
403 678
403 679
403 680
404 673
404 674
404 675
404 676
404 677
404 678
404 679
404 680
405 673
405 674
405 675
405 676
405 677
405 678
405 679
405 680
406 672
406 673
406 675
406 676
406 677
406 678
406 679
407 672
407 673
407 674
407 675
407 676
407 678
407 679
408 672
408 673
408 674
408 675
408 676
408 677
408 678
408 679
409 671
409 673
409 674
409 675
409 676
409 677
409 678
410 671
410 672
410 673
410 674
410 676
410 677
410 678
411 671
411 672
411 673
411 674
411 675
411 676
411 678
412 670
412 671
412 672
412 673
412 674
412 675
412 676
412 677
413 670
413 671
413 672
413 673
413 674
413 675
413 676
414 669
414 671
414 672
414 673
414 674
414 675
414 676
414 677
415 669
415 671
415 672
415 673
415 674
415 675
415 676
416 669
416 670
416 671
416 672
416 674
416 675
416 676
417 668
417 669
417 670
417 671
417 672
417 674
417 675
417 676
418 668
418 669
418 670
418 671
418 672
418 673
418 674
418 675
418 676
419 668
419 669
419 670
419 671
419 672
419 673
419 674
419 675
420 667
420 668
420 669
420 670
420 671
420 672
420 673
420 674
420 675
421 667
421 668
421 669
421 670
421 671
421 672
421 673
421 674
421 675
422 667
422 668
422 669
422 670
422 671
422 672
422 673
422 674
423 666
423 667
423 668
423 669
423 670
423 671
423 672
423 673
423 674
424 666
424 667
424 668
424 669
424 670
424 671
424 672
424 673
424 674
425 666
425 667
425 668
425 669
425 670
425 671
425 672
425 673
426 665
426 666
426 667
426 668
426 669
426 670
426 671
426 672
426 673
427 665
427 666
427 667
427 668
427 669
427 670
427 671
427 673
428 665
428 666
428 667
428 668
428 669
428 670
428 671
429 664
429 665
429 666
429 667
