728 527
730 528
735 530
738 531
740 532
742 533
745 534
749 536
764 477
806 455
810 458
811 635
812 635
813 460
813 461
813 635
814 461
815 635
817 463
817 635
818 635
820 465
822 635
823 467
823 635
824 635
825 635
826 469
828 635
829 471
829 635
830 184
830 635
830 636
831 184
831 185
831 635
832 185
832 186
832 635
833 185
833 186
833 187
833 632
834 186
834 187
834 188
834 632
835 187
835 188
835 632
836 186
836 187
836 188
836 189
836 632
837 188
837 189
837 190
837 632
838 188
838 189
838 190
838 191
838 632
839 188
839 189
839 190
839 191
839 192
839 632
840 189
840 190
840 191
840 192
840 193
841 190
841 191
841 192
841 193
841 194
841 632
842 189
842 190
842 191
842 192
842 193
842 194
842 195
842 507
842 632
843 190
843 191
843 192
843 193
843 194
843 196
844 190
844 191
844 192
844 193
844 194
844 195
844 196
844 197
845 191
845 192
845 193
845 194
845 195
845 196
845 197
845 198
846 191
846 192
846 193
846 194
846 195
846 196
846 197
846 198
847 192
847 193
847 194
847 195
847 196
847 198
847 199
848 192
848 193
848 194
848 195
848 196
848 197
848 198
848 200
849 193
849 194
849 195
849 196
849 197
849 198
849 200
849 201
850 193
850 194
850 195
850 196
850 197
850 198
850 199
850 200
850 201
850 202
851 194
851 195
851 196
851 198
851 199
851 200
851 201
851 202
851 203
852 190
852 194
852 196
852 197
852 198
852 199
852 200
852 201
852 202
852 203
852 204
853 194
853 195
853 196
853 197
853 198
853 199
853 200
853 201
853 202
853 204
853 205
854 195
854 196
854 198
854 199
854 200
854 201
854 202
854 203
854 204
854 205
854 206
855 193
855 194
855 195
855 196
855 197
855 199
855 200
855 201
855 202
855 203
855 204
855 205
855 206
856 162
856 193
856 194
856 195
856 196
856 197
856 198
856 199
856 200
856 201
856 203
856 204
856 205
856 206
856 207
857 194
857 195
857 196
857 197
857 198
857 199
857 200
857 201
857 202
857 203
857 204
857 205
857 206
857 207
858 163
858 195
858 196
858 197
858 198
858 199
858 200
858 201
858 202
858 203
858 204
858 205
858 206
858 207
858 208
859 164
859 196
859 197
859 198
859 199
859 200
859 202
859 203
859 204
859 205
859 206
859 207
859 208
859 209
859 210
860 165
860 196
860 197
860 198
860 199
860 200
860 201
860 202
860 203
860 204
860 205
860 207
860 208
860 209
860 210
860 211
861 166
861 197
861 198
861 199
861 200
861 201
861 202
861 203
861 204
861 205
861 206
861 207
861 208
861 209
861 210
861 212
862 166
862 198
862 199
862 200
862 201
862 202
862 203
862 204
862 205
862 206
862 208
862 209
862 210
862 211
862 212
862 213
863 167
863 198
863 199
863 200
863 201
863 202
863 203
863 205
863 206
863 207
863 208
863 209
863 210
863 211
863 212
863 213
863 214
864 199
864 200
864 201
864 202
864 203
864 204
864 205
864 206
864 207
864 209
864 210
864 211
864 212
864 213
864 214
864 514
865 200
865 201
865 202
865 203
865 204
865 205
865 206
865 207
865 209
865 210
865 211
865 212
865 213
865 214
865 215
866 201
866 202
866 204
866 205
866 206
866 207
866 208
866 209
866 210
866 211
866 212
866 213
866 214
866 215
866 216
867 170
867 201
867 202
867 203
867 204
867 205
867 206
867 207
867 208
867 209
867 210
867 211
867 212
867 213
867 214
867 215
867 216
867 217
868 202
868 204
868 205
868 206
868 207
868 208
868 209
868 210
868 211
868 212
868 213
868 214
868 215
868 216
868 217
868 218
868 508
869 203
869 204
869 205
869 206
869 207
869 208
869 209
869 210
869 212
869 213
869 214
869 215
869 216
869 217
869 218
869 219
870 204
870 205
870 206
870 207
870 208
870 209
870 210
870 211
870 212
870 213
870 214
870 215
870 216
870 217
870 219
870 220
871 204
871 205
871 206
871 207
871 208
871 209
871 210
871 211
871 212
871 213
871 214
871 215
871 216
871 218
871 219
871 220
871 221
872 205
872 206
872 207
872 208
872 209
872 210
872 211
872 212
872 214
872 215
872 216
872 217
872 218
872 219
872 220
872 221
873 206
873 207
873 208
873 209
873 210
873 211
873 212
873 213
873 214
873 215
873 216
873 217
873 218
873 219
873 220
873 222
874 206
874 207
874 208
874 209
874 210
874 211
874 212
874 213
874 214
874 215
874 216
874 217
874 218
874 220
874 221
874 222
874 223
874 517
875 207
875 208
875 210
875 211
875 212
875 213
875 214
875 215
875 216
875 217
875 218
875 219
875 220
875 221
875 222
875 223
875 224
876 208
876 209
876 210
876 211
876 212
876 213
876 214
876 215
876 216
876 217
876 218
876 219
876 221
876 222
876 223
876 224
876 225
877 209
877 210
877 211
877 212
877 213
877 214
877 215
877 216
877 217
877 218
877 219
877 220
877 221
877 222
877 223
877 224
877 226
878 209
878 210
878 211
878 212
878 213
878 214
878 215
878 216
878 217
878 218
878 219
878 220
878 221
878 222
878 223
878 224
878 226
878 227
879 210
879 211
879 212
879 213
879 214
879 215
879 216
879 217
879 218
879 219
879 220
879 221
879 223
879 224
879 225
879 226
879 227
879 228
880 211
880 212
880 213
880 214
880 215
880 216
880 217
880 218
880 219
880 220
880 222
880 223
880 224
880 225
880 226
880 227
880 228
881 212
881 213
881 214
881 215
881 216
881 217
881 218
881 219
881 220
881 221
881 222
881 223
881 224
881 225
881 226
881 227
881 229
882 212
882 213
882 214
882 215
882 216
882 217
882 218
882 219
882 220
882 221
882 222
882 223
882 225
882 226
882 227
882 228
882 229
882 230
883 213
883 214
883 215
883 216
883 217
883 218
883 219
883 220
883 221
883 222
883 223
883 224
883 226
883 227
883 228
883 229
883 230
883 231
884 214
884 215
884 216
884 218
884 219
884 220
884 221
884 222
884 223
884 224
884 225
884 226
884 227
884 228
884 229
884 230
884 231
884 232
885 215
885 216
885 217
885 218
885 219
885 220
885 221
885 222
885 223
885 224
885 226
885 227
885 228
885 229
885 230
885 231
885 232
885 233
886 215
886 216
886 217
886 218
886 219
886 220
886 221
886 223
886 224
886 225
886 226
886 227
886 228
886 229
886 230
886 231
886 232
886 233
886 234
887 216
887 217
887 218
887 219
887 220
887 221
887 222
887 223
887 224
887 225
887 226
887 228
887 229
887 230
887 231
887 232
887 233
887 234
888 217
888 218
888 219
888 220
888 222
888 223
888 224
888 225
888 226
888 227
888 228
888 229
888 230
888 231
888 232
888 233
888 234
888 235
889 218
889 219
889 220
889 221
889 222
889 223
889 225
889 226
889 227
889 228
889 229
889 230
889 231
889 232
889 233
889 234
889 235
889 236
890 218
890 219
890 220
890 221
890 222
890 223
890 224
890 226
890 227
890 228
890 229
890 230
890 231
890 232
890 233
890 234
890 235
890 236
890 237
891 219
891 220
891 221
891 222
891 223
891 224
891 225
891 226
891 227
891 228
891 229
891 230
891 231
891 232
891 234
891 235
891 236
891 237
891 238
892 220
892 221
892 222
892 223
892 224
892 225
892 226
892 227
892 228
892 230
892 231
892 232
892 233
892 234
892 235
892 236
892 237
892 238
892 239
893 221
893 222
893 223
893 224
893 225
893 227
893 228
893 229
893 230
893 231
893 232
893 233
893 234
893 235
893 236
893 237
893 238
893 239
893 240
894 221
894 222
894 223
894 224
894 225
894 226
894 227
894 228
894 229
894 230
894 231
894 233
894 234
894 235
894 236
894 237
894 238
894 239
894 240
894 241
895 222
895 223
895 224
895 225
895 226
895 227
895 228
895 229
895 230
895 231
895 232
895 234
895 235
895 236
895 237
895 238
895 239
895 240
895 241
896 223
896 224
896 225
896 226
896 227
896 228
896 229
896 230
896 232
896 233
896 234
896 235
896 236
896 237
896 238
896 239
896 240
896 241
896 242
897 224
897 225
897 226
897 227
897 228
897 229
897 230
897 231
897 232
897 233
897 234
897 235
897 236
897 237
897 239
897 240
897 241
897 242
897 243
898 225
898 226
898 227
898 228
898 229
898 230
898 231
898 232
898 233
898 234
898 235
898 236
898 237
898 238
898 239
898 241
898 242
898 243
898 244
899 225
899 226
899 227
899 228
899 229
899 230
899 231
899 232
899 234
899 235
899 236
899 237
899 238
899 239
899 240
899 241
899 242
899 243
899 244
899 245
900 226
900 227
900 228
900 229
900 230
900 231
900 232
900 233
900 234
900 235
900 236
900 237
900 238
900 239
900 241
900 242
900 243
900 244
900 245
900 246
901 148
901 227
901 228
901 229
901 231
901 232
901 233
901 234
901 235
901 236
901 237
901 238
901 239
901 240
901 241
901 242
901 243
901 244
901 245
901 247
902 228
902 229
902 230
902 231
902 232
902 233
902 234
902 235
902 236
902 238
902 239
902 240
902 241
902 242
902 243
902 244
902 245
902 246
902 247
902 519
903 228
903 229
903 230
903 231
903 232
903 233
903 234
903 235
903 236
903 237
903 238
903 239
903 240
903 242
903 243
903 244
903 245
903 246
903 247
903 248
904 138
904 230
904 231
904 232
904 233
904 234
904 235
904 236
904 237
904 238
904 239
904 240
904 241
904 242
904 243
904 244
904 246
904 247
904 248
904 249
905 139
905 230
905 231
905 232
905 233
905 234
905 235
905 236
905 237
905 238
905 239
905 240
905 241
905 242
905 244
905 245
905 246
905 247
905 248
905 249
905 250
906 140
906 231
906 232
906 233
906 234
906 235
906 236
906 237
906 238
906 239
906 240
906 241
906 242
906 243
906 244
906 246
906 247
906 248
906 249
906 250
906 251
907 231
907 232
907 233
907 234
907 235
907 236
907 237
907 238
907 239
907 240
907 241
907 242
907 244
907 245
907 246
907 247
907 248
907 249
907 250
907 251
907 252
908 141
908 232
908 233
908 234
908 235
908 236
908 237
908 238
908 239
908 240
908 241
908 242
908 243
908 244
908 245
908 247
908 248
908 249
908 250
908 251
908 252
909 142
909 234
909 235
909 236
909 237
909 238
909 239
909 240
909 241
909 242
909 243
909 244
909 245
909 246
909 247
909 249
909 250
909 251
909 252
909 253
910 143
910 234
910 236
910 237
910 238
910 239
910 240
910 241
910 242
910 243
910 244
910 245
910 246
910 247
910 248
910 249
910 251
910 252
910 253
910 254
911 144
911 234
911 235
911 236
911 237
911 238
911 239
911 240
911 242
911 243
911 244
911 245
911 246
911 247
911 248
911 249
911 250
911 251
911 252
911 253
911 254
912 144
912 145
912 235
912 236
912 237
912 238
912 239
912 240
912 241
912 243
912 244
912 245
912 246
912 247
912 248
912 249
912 250
912 251
912 252
912 253
912 254
912 255
913 146
913 236
913 237
913 238
913 239
913 240
913 241
913 242
913 243
913 244
913 245
913 246
913 247
913 248
913 250
913 251
913 252
913 253
913 254
913 255
913 256
914 237
914 238
914 239
914 241
914 242
914 243
914 244
914 245
914 246
914 247
914 248
914 249
914 250
914 251
914 252
914 253
914 254
914 256
914 257
915 147
915 238
915 239
915 240
915 241
915 242
915 243
915 244
915 246
915 247
915 248
915 249
915 250
915 251
915 252
915 253
915 254
915 255
915 256
915 257
916 147
916 238
916 239
916 240
916 241
916 243
916 244
916 245
916 246
916 247
916 248
916 249
916 250
916 251
916 252
916 253
916 254
916 255
916 256
916 258
917 148
917 149
917 239
917 240
917 241
917 242
917 243
917 244
917 245
917 246
917 247
917 248
917 249
917 251
917 252
917 253
917 254
917 255
917 256
917 257
917 258
917 259
918 149
918 150
918 240
918 241
918 242
918 244
918 245
918 246
918 247
918 248
918 249
918 250
918 251
918 252
918 253
918 254
918 255
918 256
918 257
918 259
919 150
919 151
919 241
919 242
919 243
919 244
919 245
919 246
919 247
919 248
919 249
919 250
919 251
919 253
919 254
919 255
919 256
919 257
919 258
919 259
919 260
920 151
920 152
920 242
920 243
920 244
920 245
920 246
920 247
920 248
920 249
920 250
920 252
920 253
920 254
920 255
920 256
920 257
920 258
920 259
920 260
921 151
921 152
921 153
921 242
921 243
921 244
921 245
921 246
921 247
921 248
921 249
921 250
921 251
921 252
921 253
921 255
921 256
921 257
921 258
921 259
921 260
921 261
922 152
922 153
922 154
922 243
922 244
922 245
922 247
922 248
922 249
922 250
922 251
922 252
922 253
922 254
922 255
922 256
922 257
922 258
922 259
922 260
922 262
923 154
923 244
923 245
923 246
923 247
923 248
923 249
923 250
923 251
923 252
923 253
923 255
923 256
923 257
923 258
923 259
923 260
923 261
923 262
923 263
924 155
924 245
924 246
924 247
924 248
924 249
924 251
924 252
924 253
924 254
924 255
924 256
924 257
924 258
924 259
924 260
924 261
924 262
924 263
925 156
925 246
925 247
925 248
925 249
925 250
925 251
925 252
925 253
925 255
925 256
925 257
925 258
925 259
925 260
925 261
925 262
925 263
925 264
926 157
926 246
926 247
926 248
926 249
926 250
926 251
926 252
926 253
926 254
926 255
926 257
926 258
926 259
926 260
926 261
926 262
926 263
926 264
926 265
926 602
927 158
927 248
927 249
927 250
927 251
927 252
927 253
927 254
927 255
927 256
927 257
927 258
927 259
927 260
927 262
927 263
927 264
927 265
927 602
928 159
928 248
928 249
928 251
928 252
928 253
928 254
928 255
928 256
928 257
928 258
928 259
928 260
928 261
928 262
928 263
928 265
928 266
929 160
929 249
929 250
929 252
929 253
929 254
929 255
929 256
929 257
929 258
929 259
929 260
929 261
929 262
929 263
929 264
929 266
929 267
930 161
930 250
930 251
930 252
930 253
930 255
930 256
930 257
930 258
930 259
930 260
930 261
930 262
930 263
930 264
930 265
930 266
930 267
931 162
931 250
931 251
931 252
931 253
931 254
931 256
931 257
931 258
931 259
931 260
931 261
931 262
931 263
931 264
931 265
931 266
931 267
931 268
932 252
932 253
932 254
932 255
932 256
932 257
932 258
932 259
932 260
932 261
932 262
932 263
932 264
932 266
932 267
932 268
932 269
933 252
933 253
933 254
933 255
933 257
933 258
933 259
933 260
933 261
933 262
933 263
933 264
933 265
933 266
933 267
933 268
933 269
934 253
934 255
934 256
934 257
934 258
934 259
934 260
934 261
934 262
934 263
934 264
934 265
934 266
934 267
934 269
934 270
935 255
935 256
935 257
935 258
935 259
935 260
935 261
935 262
935 263
935 264
935 265
935 266
935 267
935 269
935 270
935 271
936 255
936 256
936 257
936 258
936 260
936 261
936 262
936 263
936 264
936 265
936 266
936 267
936 268
936 269
936 270
936 271
936 272
937 256
937 257
937 258
937 259
937 260
937 261
937 262
937 263
937 264
937 265
937 266
937 267
937 268
937 270
937 271
937 272
937 273
938 256
938 257
938 258
938 259
938 260
938 261
938 262
938 263
938 264
938 265
938 266
938 267
938 268
938 270
938 271
938 272
938 273
939 246
939 257
939 259
939 260
939 261
939 262
939 263
939 264
939 265
939 266
939 267
939 268
939 269
939 270
939 271
939 273
939 274
940 258
940 259
940 260
940 261
940 262
940 263
940 264
940 265
940 266
940 267
940 268
940 269
940 271
940 272
940 273
940 274
940 275
941 259
941 260
941 261
941 262
941 263
941 264
941 265
941 266
941 267
941 269
941 270
941 271
941 272
941 273
941 274
941 275
941 276
942 260
942 262
942 263
942 264
942 265
942 266
942 267
942 268
942 269
942 270
942 271
942 272
942 273
942 275
942 276
943 249
943 260
943 261
943 262
943 264
943 265
943 266
943 267
943 268
943 269
943 270
943 271
943 272
943 273
943 274
943 275
943 277
944 261
944 262
944 263
944 264
944 266
944 267
944 268
944 269
944 270
944 271
944 272
944 273
944 274
944 275
944 276
944 277
945 262
945 263
945 264
945 265
945 266
945 267
945 268
945 269
945 270
945 272
945 273
945 274
945 275
945 276
945 277
945 278
945 585
946 263
946 264
946 265
946 266
946 268
946 269
946 270
946 271
946 272
946 273
946 274
946 275
946 276
946 277
946 278
946 279
946 583
946 585
947 264
947 265
947 266
947 268
947 269
947 270
947 271
947 272
947 273
947 274
947 275
947 276
947 277
947 278
947 279
947 585
948 265
948 266
948 267
948 269
948 270
948 271
948 272
948 273
948 274
948 275
948 276
948 277
948 278
948 279
948 280
949 266
949 267
949 269
949 270
949 271
949 272
949 273
949 274
949 275
949 276
949 277
949 278
949 279
949 280
949 282
950 266
950 267
950 268
950 269
950 270
950 271
950 272
950 273
950 274
950 275
950 276
950 277
950 279
950 280
950 281
950 282
951 267
951 268
951 269
951 270
951 271
951 272
951 273
951 274
951 275
951 276
951 278
951 279
951 280
951 281
951 282
951 283
952 268
952 269
952 270
952 271
952 272
952 273
952 274
952 275
952 276
952 277
952 278
952 279
952 281
952 282
952 283
952 284
953 269
953 270
953 271
953 272
953 273
953 274
953 275
953 276
953 277
953 278
953 279
953 280
953 282
953 283
953 284
953 285
954 270
954 271
954 272
954 273
954 274
954 275
954 276
954 277
954 278
954 279
954 280
954 281
954 283
954 284
954 285
954 515
955 271
955 272
955 273
955 274
955 275
955 276
955 278
955 279
955 280
955 281
955 282
955 283
955 284
955 285
955 286
956 272
956 273
956 274
956 275
956 276
956 277
956 278
956 279
956 281
956 282
956 283
956 284
956 285
956 286
956 287
957 273
957 274
957 275
957 276
957 277
957 278
957 279
957 281
957 282
957 283
957 284
957 285
957 286
957 287
958 273
958 274
958 275
958 277
958 278
958 279
958 280
958 281
958 282
958 283
958 284
958 285
958 286
958 288
959 274
959 275
959 276
959 277
959 278
959 279
959 280
959 281
959 283
959 284
959 285
959 286
959 287
959 288
959 289
960 275
960 276
960 277
960 278
960 279
960 280
960 281
960 282
960 284
960 285
960 286
960 287
960 288
960 289
960 290
961 276
961 277
961 278
961 279
961 280
961 281
961 282
961 283
961 285
961 286
961 287
961 288
961 289
961 290
961 291
962 277
962 278
962 279
962 280
962 281
962 282
962 283
962 284
962 285
962 287
962 288
962 289
962 290
962 291
962 292
962 516
963 278
963 279
963 280
963 281
963 282
963 283
963 284
963 286
963 287
963 288
963 289
963 290
963 291
963 292
964 279
964 280
964 282
964 283
964 284
964 285
964 286
964 287
964 288
964 289
964 290
964 291
964 292
965 280
965 281
965 282
965 284
965 285
965 286
965 287
965 288
965 289
965 290
965 292
965 293
966 281
966 283
966 284
966 285
966 286
966 287
966 288
966 289
966 290
966 291
966 292
966 293
967 282
967 283
967 284
967 285
967 286
967 287
967 288
967 289
967 290
967 292
967 293
967 294
967 295
967 296
968 282
968 283
968 284
968 285
968 286
968 288
968 289
968 290
968 291
968 292
968 293
968 294
968 295
968 296
969 283
969 284
969 285
969 287
969 288
969 289
969 291
969 292
969 293
969 294
969 295
969 296
969 297
970 284
970 285
970 286
970 287
970 288
970 289
970 291
970 292
970 293
970 294
970 295
970 296
970 297
971 285
971 286
971 287
971 288
971 289
971 290
971 291
971 292
971 294
971 295
971 296
971 297
971 298
971 299
972 286
972 287
972 288
972 289
972 290
972 291
972 293
972 294
972 295
972 296
972 297
972 298
972 299
973 287
973 288
973 289
973 290
973 291
973 292
973 293
973 294
973 295
973 296
973 297
973 298
973 299
973 300
973 517
974 288
974 289
974 290
974 291
974 292
974 293
974 294
974 296
974 297
974 298
974 299
974 300
974 301
975 289
975 290
975 292
975 293
975 294
975 295
975 296
975 297
975 298
975 299
975 300
975 301
976 290
976 291
976 292
976 294
976 295
976 296
976 297
976 298
976 299
976 300
976 301
976 302
976 303
977 276
977 291
977 292
977 293
977 294
977 295
977 296
977 298
977 299
977 300
977 301
977 302
977 303
977 304
978 277
978 292
978 293
978 294
978 295
978 296
978 297
978 298
978 299
978 300
978 302
978 303
978 304
979 293
979 294
979 295
979 296
979 297
979 298
979 299
979 300
979 301
979 303
979 304
979 305
980 294
980 295
980 296
980 297
980 298
980 299
980 300
980 301
980 303
980 304
980 305
980 306
981 295
981 296
981 297
981 298
981 299
981 300
981 301
981 302
981 303
981 304
981 306
981 307
982 296
982 297
982 299
982 300
982 301
982 302
982 303
982 304
982 305
982 307
983 297
983 298
983 299
983 300
983 301
983 302
983 304
983 305
983 306
983 307
983 308
984 298
984 299
984 300
984 301
984 302
984 303
984 304
984 305
984 307
984 308
984 309
984 310
985 299
985 300
985 301
985 302
985 303
985 305
985 306
985 307
985 308
985 309
985 310
986 301
986 302
986 303
986 304
986 305
986 306
986 307
986 308
986 309
986 311
987 301
987 302
987 303
987 304
987 305
987 306
987 307
987 309
987 310
987 311
987 312
988 301
988 302
988 303
988 304
988 305
988 306
988 307
988 308
988 309
988 311
988 312
988 313
989 302
989 303
989 304
989 305
989 306
989 307
989 308
989 309
989 310
989 311
989 313
990 303
990 304
990 305
990 306
990 307
990 308
990 309
990 311
990 312
990 313
990 314
990 315
991 304
991 305
991 306
991 307
991 308
991 309
991 310
991 311
991 312
991 314
991 315
992 305
992 307
992 308
992 309
992 310
992 311
992 312
992 313
992 314
992 315
992 317
993 306
993 308
993 309
993 310
993 311
993 312
993 313
993 314
993 315
993 316
994 307
994 308
994 309
994 310
994 311
994 312
994 313
994 314
994 315
994 317
994 318
995 308
995 309
995 310
995 311
995 312
995 313
995 314
995 316
995 317
995 318
995 319
996 309
996 310
996 311
996 312
996 313
996 315
996 316
996 317
996 318
996 319
996 320
997 311
997 312
997 313
997 314
997 315
997 316
997 317
997 319
997 320
997 321
998 312
998 313
998 314
998 315
998 316
998 317
998 318
998 320
998 321
998 322
999 313
999 314
999 315
999 316
999 317
999 319
999 320
999 321
999 322
999 323
1000 314
1000 315
1000 316
1000 317
1000 318
1000 319
1000 320
1000 321
1000 322
1001 315
1001 316
1001 317
1001 318
1001 319
1001 321
1001 322
1001 323
1001 324
1002 316
1002 317
1002 318
1002 320
1002 321
1002 322
1002 323
1002 324
1002 325
1003 317
1003 318
1003 319
1003 320
1003 321
1003 323
1003 324
1003 325
1003 326
1004 318
1004 319
1004 320
1004 321
1004 322
1004 323
1004 324
1004 325
1004 326
1005 319
1005 320
1005 321
1005 323
1005 324
1005 325
1005 326
1005 327
1005 328
1006 320
1006 321
1006 322
1006 324
1006 325
1006 326
1006 327
1006 328
1006 329
1006 330
1007 321
1007 322
1007 323
1007 325
1007 326
1007 327
1007 328
1007 329
1007 330
1008 322
1008 323
1008 324
1008 325
1008 326
1008 327
1008 328
1008 329
1008 331
1009 323
1009 324
1009 325
1009 326
1009 327
1009 328
1009 329
1009 330
1009 332
1010 324
1010 325
1010 326
1010 327
1010 328
1010 329
1010 330
1010 331
1010 333
1011 325
1011 326
1011 327
1011 328
1011 329
1011 330
1011 331
1011 332
1011 334
1012 326
1012 327
1012 328
1012 329
1012 330
1012 331
1012 333
1012 334
1012 335
1013 327
1013 328
1013 329
1013 330
1013 331
1013 332
1013 333
1013 334
1013 336
1014 160
1014 329
1014 330
1014 331
1014 332
1014 333
1014 334
1014 335
1014 336
1015 329
1015 330
1015 331
1015 333
1015 334
1015 335
1015 336
1015 337
1015 338
1016 330
1016 331
1016 332
1016 333
1016 334
1016 335
1016 336
1016 337
1016 339
1017 332
1017 333
1017 334
1017 335
1017 336
1017 338
1017 339
1017 340
1018 333
1018 334
1018 335
1018 336
1018 337
1018 339
1018 340
1018 341
1019 334
1019 335
1019 336
1019 337
1019 339
1019 340
1019 341
1019 342
1019 343
1020 335
1020 336
1020 337
1020 339
1020 340
1020 341
1020 342
1020 343
1020 344
1021 336
1021 337
1021 338
1021 339
1021 340
1021 341
1021 342
1021 343
1021 345
1022 338
1022 339
1022 340
1022 341
1022 342
1022 343
1022 344
1022 345
1023 339
1023 340
1023 341
1023 342
1023 343
1023 344
1023 345
1023 346
1024 339
1024 340
1024 341
1024 342
1024 343
1024 344
1024 345
1024 346
1025 340
1025 341
1025 342
1025 343
1025 344
1025 345
1025 346
1025 347
1026 342
1026 343
1026 344
1026 345
1026 346
1026 347
1026 348
1026 350
1027 343
1027 344
1027 345
1027 346
1027 348
1027 349
1027 350
1028 344
1028 345
1028 346
1028 347
1028 348
1028 349
1028 350
1028 351
1028 352
1029 345
1029 346
1029 347
1029 348
1029 349
1029 350
1029 351
1029 352
1029 353
1030 346
1030 347
1030 348
1030 349
1030 350
1030 351
1030 352
1030 353
1030 354
1031 347
1031 348
1031 349
1031 350
1031 351
1031 352
1031 353
1031 354
1031 355
1032 348
1032 349
1032 350
1032 351
1032 352
1032 353
1032 354
1032 355
1032 356
1033 349
1033 350
1033 351
1033 352
1033 353
1033 354
1033 355
1033 356
1033 357
1034 350
1034 351
1034 352
1034 353
1034 354
1034 355
1034 356
1034 357
1034 358
1035 215
1035 352
1035 353
1035 354
1035 355
1035 356
1035 357
1035 358
1035 359
1036 353
1036 354
1036 355
1036 356
1036 357
1036 358
1036 359
1036 360
1036 361
1037 354
1037 355
1037 356
1037 357
1037 358
1037 359
1037 360
1037 361
1037 362
1038 355
1038 356
1038 357
1038 358
1038 359
1038 360
1038 361
1038 362
1038 363
1039 356
1039 357
1039 358
1039 359
1039 360
1039 361
1039 362
1039 363
1039 364
1040 357
1040 358
1040 359
1040 360
1040 361
1040 362
1040 363
1040 364
1040 365
1041 358
1041 359
1041 360
1041 361
1041 362
1041 363
1041 364
1041 365
1041 366
1042 360
1042 361
1042 362
1042 363
1042 364
1042 365
1042 366
1042 367
1043 361
1043 362
1043 363
1043 364
1043 365
1043 366
1043 367
1043 368
1044 203
1044 362
1044 363
1044 364
1044 365
1044 366
1044 367
1044 369
1045 204
1045 363
1045 364
1045 365
1045 366
1045 367
1045 368
1045 369
1045 370
1045 371
1046 364
1046 365
1046 367
1046 368
1046 369
1046 370
1046 371
1046 372
1047 365
1047 366
1047 368
1047 369
1047 370
1047 371
1047 372
1047 373
1048 209
1048 367
1048 368
1048 369
1048 370
1048 371
1048 372
1048 374
1049 368
1049 369
1049 370
1049 371
1049 372
1049 373
1049 374
1049 375
1050 369
1050 370
1050 371
1050 372
1050 373
1050 374
1050 375
1050 376
1050 377
1051 370
1051 371
1051 372
1051 373
1051 374
1051 375
1051 376
1051 377
1052 250
1052 371
1052 372
1052 373
1052 374
1052 375
1052 376
1052 377
1052 378
1053 245
1053 372
1053 373
1053 374
1053 375
1053 376
1053 377
1053 378
1053 379
1053 380
1054 373
1054 374
1054 375
1054 376
1054 377
1054 378
1054 380
1054 381
1055 374
1055 375
1055 376
1055 377
1055 378
1055 380
1055 381
1055 382
1056 376
1056 377
1056 378
1056 379
1056 380
1056 381
1056 383
1057 377
1057 378
1057 379
1057 380
1057 381
1057 382
1057 384
1058 378
1058 379
1058 380
1058 381
1058 382
1058 383
1058 384
1058 385
1058 386
1059 379
1059 381
1059 382
1059 383
1059 384
1059 385
1059 386
1060 380
1060 381
1060 382
1060 383
1060 384
1060 385
1060 386
1060 387
1061 264
1061 381
1061 383
1061 384
1061 385
1061 386
1061 387
1061 389
1062 259
1062 382
1062 383
1062 384
1062 385
1062 386
1062 387
1062 388
1062 389
1062 390
1063 383
1063 384
1063 385
1063 386
1063 387
1063 388
1063 389
1063 390
1063 391
1064 385
1064 386
1064 387
1064 388
1064 389
1064 390
1064 391
1064 392
1065 386
1065 387
1065 388
1065 389
1065 390
1065 391
1065 392
1065 393
1066 272
1066 387
1066 388
1066 389
1066 390
1066 391
1066 392
1066 393
1066 394
1067 388
1067 389
1067 390
1067 391
1067 392
1067 393
1067 394
1067 395
1067 396
1068 275
1068 389
1068 390
1068 391
1068 392
1068 393
1068 394
1068 395
1068 396
1068 397
1069 390
1069 391
1069 392
1069 393
1069 394
1069 395
1069 396
1069 397
1070 278
1070 391
1070 392
1070 393
1070 394
1070 395
1070 396
1070 397
1070 398
1070 399
1071 279
1071 392
1071 393
1071 394
1071 395
1071 396
1071 397
1071 398
1071 399
1071 400
1072 393
1072 394
1072 395
1072 396
1072 397
1072 398
1072 399
1072 400
1072 401
1073 282
1073 394
1073 395
1073 396
1073 397
1073 398
1073 399
1073 400
1073 401
1073 402
1074 396
1074 397
1074 398
1074 399
1074 400
1074 401
1074 402
1074 403
1075 285
1075 397
1075 398
1075 399
1075 400
1075 401
1075 402
1075 403
1075 404
1076 398
1076 399
1076 400
1076 401
1076 402
1076 403
1076 404
1076 405
1077 288
1077 399
1077 400
1077 401
1077 402
1077 403
1077 404
1077 405
1077 406
1078 400
1078 401
1078 402
1078 403
1078 404
1078 405
1078 406
1078 407
