49 273
50 272
50 273
51 271
51 272
51 273
52 270
52 271
52 272
52 273
53 269
53 270
53 271
53 272
54 269
54 270
54 271
55 268
55 269
55 270
56 268
57 267
57 268
58 266
58 267
58 268
59 265
59 266
60 264
60 265
60 266
60 267
60 268
61 263
61 264
61 265
61 266
61 267
61 268
62 263
62 264
62 265
62 266
62 267
62 268
63 262
63 263
63 264
63 265
63 266
63 267
63 268
63 275
64 261
64 262
64 263
64 264
64 265
64 266
64 267
64 274
64 275
65 260
65 261
65 262
65 263
65 264
65 265
65 266
65 267
65 273
65 274
65 275
66 260
66 261
66 262
66 263
66 264
66 265
66 273
66 274
66 275
66 276
67 259
67 260
67 261
67 262
67 263
67 264
67 265
67 266
67 267
67 272
67 273
67 274
67 275
68 258
68 259
68 260
68 261
68 262
68 263
68 264
68 265
68 266
68 267
68 271
68 272
68 273
68 274
68 275
68 276
69 257
69 258
69 259
69 260
69 261
69 262
69 263
69 264
69 265
69 266
69 267
69 270
69 271
69 272
69 273
69 274
69 275
69 276
70 257
70 258
70 259
70 260
70 261
70 262
70 263
70 264
70 265
70 266
70 267
70 268
70 269
70 270
70 271
70 272
70 273
70 274
70 275
70 276
71 256
71 257
71 258
71 259
71 260
71 261
71 262
71 263
71 264
71 265
71 266
71 267
71 268
71 269
71 270
71 271
71 272
71 273
71 274
71 275
71 276
72 255
72 256
72 257
72 260
72 261
72 262
72 263
72 264
72 265
72 266
72 267
72 268
72 269
72 270
72 271
72 272
72 273
72 274
72 275
73 255
73 256
73 257
73 258
73 259
73 260
73 261
73 262
73 263
73 264
73 265
73 266
73 267
73 268
73 269
73 270
73 271
73 272
73 273
73 274
74 254
74 255
74 257
74 258
74 259
74 260
74 261
74 262
74 263
74 264
74 265
74 266
74 267
74 268
74 269
74 270
74 271
74 272
74 273
75 253
75 254
75 255
75 256
75 257
75 258
75 259
75 260
75 261
75 262
75 263
75 264
75 265
75 266
75 267
75 268
75 269
75 270
75 271
75 272
75 273
76 252
76 253
76 254
76 255
76 256
76 257
76 258
76 259
76 260
76 261
76 262
76 263
76 264
76 265
76 266
76 267
76 268
76 269
76 270
76 271
76 272
77 252
77 253
77 254
77 255
77 256
77 257
77 258
77 259
77 260
77 261
77 262
77 263
77 264
77 265
77 266
77 267
77 268
77 269
77 270
77 271
78 251
78 252
78 253
78 254
78 255
78 256
78 257
78 258
78 259
78 260
78 261
78 262
78 263
78 264
78 265
78 266
78 267
78 268
78 269
78 270
78 271
79 250
79 251
79 252
79 253
79 254
79 255
79 256
79 257
79 258
79 259
79 260
79 261
79 262
79 263
79 264
79 265
79 266
79 267
79 268
79 269
79 270
80 250
80 251
80 252
80 253
80 254
80 255
80 256
80 257
80 258
80 259
80 260
80 261
80 262
80 263
80 264
80 265
80 266
80 267
80 268
80 269
81 249
81 250
81 251
81 252
81 253
81 254
81 255
81 256
81 257
81 258
81 259
81 260
81 261
81 262
81 263
81 264
81 265
81 266
81 267
81 268
82 248
82 249
82 250
82 251
82 252
82 253
82 254
82 255
82 256
82 257
82 258
82 259
82 260
82 261
82 262
82 263
82 264
82 265
82 266
82 267
82 268
83 248
83 249
83 250
83 251
83 252
83 253
83 254
83 255
83 256
83 257
83 258
83 259
83 260
83 261
83 262
83 263
83 264
83 265
83 266
83 267
83 268
84 247
84 248
84 249
84 250
84 251
84 252
84 253
84 254
84 255
84 256
84 257
84 258
84 259
84 260
84 261
84 262
84 263
84 264
84 265
84 266
84 267
85 246
85 247
85 248
85 249
85 250
85 251
85 252
85 253
85 254
85 255
85 256
85 257
85 258
85 259
85 260
85 261
85 262
85 263
85 264
85 265
85 266
85 267
85 269
86 246
86 247
86 248
86 249
86 250
86 251
86 252
86 253
86 254
86 255
86 256
86 257
86 258
86 259
86 260
86 261
86 262
86 263
86 264
86 265
86 266
86 267
86 268
86 269
87 245
87 246
87 247
87 248
87 249
87 250
87 251
87 252
87 253
87 254
87 255
87 256
87 257
87 258
87 259
87 260
87 261
87 262
87 263
87 264
87 265
87 266
87 267
87 268
87 270
88 244
88 245
88 246
88 247
88 248
88 249
88 250
88 251
88 252
88 253
88 254
88 255
88 256
88 257
88 258
88 259
88 260
88 261
88 262
88 263
88 264
88 265
88 266
88 267
88 268
88 269
88 276
88 277
89 244
89 245
89 246
89 247
89 248
89 249
89 250
89 251
89 252
89 253
89 254
89 255
89 256
89 257
89 258
89 259
89 260
89 261
89 262
89 263
89 264
89 265
89 266
89 267
89 268
89 269
89 275
89 277
90 243
90 244
90 245
90 246
90 247
90 248
90 249
90 250
90 251
90 252
90 253
90 254
90 255
90 256
90 257
90 258
90 259
90 260
90 261
90 262
90 263
90 264
90 265
90 266
90 267
90 268
90 269
90 270
90 271
90 272
90 273
90 274
90 275
90 276
90 277
90 427
91 242
91 243
91 244
91 245
91 246
91 247
91 248
91 249
91 250
91 251
91 252
91 253
91 254
91 255
91 256
91 257
91 258
91 259
91 260
91 261
91 262
91 263
91 264
91 265
91 266
91 267
91 268
91 269
91 270
91 271
91 272
91 273
91 274
91 275
91 276
91 427
91 428
91 429
92 242
92 243
92 244
92 245
92 246
92 247
92 248
92 249
92 250
92 251
92 252
92 253
92 254
92 255
92 256
92 257
92 258
92 259
92 260
92 261
92 262
92 263
92 264
92 265
92 266
92 267
92 268
92 269
92 270
92 271
92 272
92 273
92 274
92 275
92 276
92 277
92 427
92 428
93 241
93 242
93 243
93 244
93 245
93 246
93 247
93 248
93 249
93 250
93 251
93 252
93 253
93 254
93 255
93 256
93 257
93 258
93 259
93 260
93 261
93 262
93 263
93 264
93 265
93 266
93 267
93 268
93 269
93 270
93 271
93 272
93 273
93 274
93 275
93 276
93 277
93 427
93 428
93 429
94 240
94 241
94 242
94 243
94 244
94 245
94 246
94 247
94 248
94 249
94 250
94 251
94 252
94 253
94 254
94 255
94 256
94 257
94 258
94 260
94 261
94 262
94 263
94 264
94 265
94 266
94 267
94 268
94 269
94 270
94 271
94 272
94 273
94 274
94 275
94 276
94 277
94 427
94 428
94 429
94 430
95 240
95 241
95 242
95 243
95 244
95 245
95 246
95 247
95 248
95 249
95 250
95 251
95 252
95 253
95 254
95 255
95 256
95 257
95 258
95 259
95 260
95 261
95 262
95 263
95 264
95 265
95 266
95 267
95 268
95 269
95 270
95 271
95 272
95 273
95 274
95 275
95 276
95 426
95 427
95 428
95 429
95 430
96 239
96 240
96 241
96 242
96 243
96 244
96 245
96 246
96 247
96 250
96 251
96 252
96 253
96 254
96 255
96 256
96 257
96 258
96 259
96 260
96 261
96 262
96 263
96 264
96 265
96 266
96 267
96 268
96 269
96 270
96 271
96 272
96 273
96 274
96 275
96 426
96 427
96 428
96 429
96 430
97 238
97 239
97 240
97 241
97 242
97 243
97 244
97 249
97 250
97 251
97 252
97 253
97 254
97 255
97 256
97 257
97 258
97 259
97 260
97 261
97 263
97 264
97 265
97 266
97 267
97 268
97 269
97 270
97 271
97 272
97 273
97 274
97 275
97 426
97 427
97 428
97 429
97 430
97 431
98 238
98 239
98 240
98 241
98 250
98 251
98 252
98 253
98 254
98 255
98 256
98 257
98 258
98 259
98 260
98 261
98 262
98 263
98 264
98 265
98 266
98 267
98 268
98 269
98 270
98 271
98 272
98 273
98 274
98 275
98 426
98 427
98 428
98 429
98 430
98 431
99 237
99 238
99 250
99 251
99 252
99 253
99 254
99 255
99 256
99 257
99 258
99 259
99 260
99 261
99 262
99 263
99 264
99 265
99 266
99 267
99 268
99 269
99 270
99 271
99 272
99 273
99 274
99 425
99 426
99 427
99 428
99 429
99 430
99 431
99 432
100 249
100 250
100 251
100 252
100 253
100 254
100 255
100 256
100 257
100 258
100 259
100 260
100 261
100 262
100 263
100 264
100 265
100 266
100 267
100 268
100 269
100 270
100 271
100 272
100 273
100 425
100 426
100 427
100 428
100 429
100 430
100 431
100 432
101 250
101 251
101 252
101 253
101 254
101 255
101 256
101 257
101 258
101 259
101 260
101 261
101 262
101 263
101 264
101 265
101 266
101 267
101 268
101 269
101 270
101 271
101 272
101 273
101 425
101 426
101 427
101 428
101 429
101 430
101 431
101 432
101 433
102 235
102 250
102 251
102 252
102 253
102 254
102 255
102 256
102 257
102 258
102 259
102 260
102 261
102 262
102 263
102 264
102 265
102 266
102 267
102 268
102 269
102 270
102 271
102 272
102 273
102 425
102 426
102 427
102 428
102 429
102 430
102 431
102 432
102 433
102 434
102 435
103 235
103 250
103 251
103 252
103 253
103 254
103 255
103 256
103 257
103 258
103 259
103 260
103 261
103 262
103 263
103 264
103 265
103 266
103 267
103 268
103 269
103 270
103 271
103 425
103 426
103 427
103 428
103 429
103 430
103 431
103 432
103 433
103 434
103 435
104 234
104 235
104 250
104 251
104 252
104 253
104 254
104 255
104 256
104 257
104 259
104 260
104 261
104 262
104 263
104 264
104 265
104 266
104 267
104 268
104 269
104 270
104 271
104 425
104 426
104 427
104 428
104 429
104 430
104 431
104 432
104 433
104 434
104 435
104 436
105 233
105 234
105 250
105 251
105 252
105 253
105 254
105 255
105 256
105 257
105 258
105 259
105 260
105 261
105 262
105 263
105 264
105 265
105 266
105 267
105 268
105 269
105 270
105 424
105 425
105 426
105 427
105 428
105 429
105 430
105 431
105 432
105 433
105 434
105 435
105 436
105 437
106 233
106 234
106 250
106 251
106 252
106 254
106 255
106 257
106 258
106 259
106 260
106 261
106 262
106 263
106 264
106 265
106 266
106 267
106 268
106 269
106 270
106 424
106 425
106 426
106 427
106 428
106 429
106 430
106 431
106 432
106 433
106 434
106 435
106 436
106 437
106 438
107 232
107 233
107 234
107 250
107 251
107 252
107 253
107 254
107 255
107 256
107 257
107 258
107 259
107 260
107 261
107 262
107 263
107 264
107 265
107 266
107 267
107 268
107 269
107 424
107 425
107 426
107 427
107 428
107 429
107 430
107 431
107 432
107 433
107 434
107 435
107 436
107 437
107 438
107 439
108 232
108 233
108 234
108 250
108 251
108 252
108 253
108 254
108 255
108 256
108 257
108 258
108 259
108 260
108 261
108 262
108 263
108 264
108 265
108 266
108 267
108 268
108 424
108 425
108 426
108 427
108 428
108 429
108 430
108 431
108 432
108 433
108 434
108 435
108 436
108 437
108 438
108 439
109 231
109 232
109 233
109 234
109 250
109 251
109 252
109 253
109 254
109 255
109 256
109 257
109 258
109 259
109 260
109 261
109 262
109 263
109 264
109 265
109 266
109 267
109 423
109 424
109 425
109 426
109 427
109 428
109 429
109 430
109 431
109 432
109 433
109 434
109 435
109 436
109 437
109 438
109 439
109 440
110 230
110 231
110 232
110 233
110 234
110 250
110 251
110 252
110 253
110 254
110 255
110 256
110 257
110 258
110 259
110 260
110 261
110 262
110 263
110 264
110 265
110 266
110 267
110 423
110 424
110 425
110 426
110 427
110 428
110 429
110 430
110 431
110 432
110 433
110 434
110 435
110 436
110 437
110 438
110 439
110 440
111 230
111 231
111 232
111 233
111 234
111 250
111 251
111 252
111 253
111 254
111 255
111 256
111 257
111 258
111 259
111 260
111 261
111 262
111 263
111 264
111 265
111 266
111 423
111 424
111 425
111 426
111 427
111 428
111 429
111 430
111 431
111 432
111 433
111 434
111 435
111 436
111 437
111 438
111 439
111 440
111 441
112 229
112 230
112 231
112 232
112 233
112 234
112 250
112 251
112 252
112 253
112 254
112 255
112 256
112 257
112 258
112 259
112 260
112 261
112 262
112 263
112 264
112 265
112 423
112 424
112 425
112 426
112 427
112 428
112 429
112 430
112 431
112 432
112 433
112 434
112 435
112 436
112 437
112 438
112 439
112 440
112 441
112 442
113 229
113 230
113 231
113 232
113 233
113 234
113 250
113 251
113 252
113 253
113 254
113 255
113 256
113 257
113 258
113 259
113 260
113 261
113 262
113 263
113 264
113 265
113 423
113 424
113 425
113 426
113 427
113 428
113 429
113 430
113 431
113 432
113 433
113 434
113 435
113 436
113 437
113 438
113 439
113 440
113 441
113 442
114 228
114 229
114 230
114 231
114 232
114 233
114 234
114 251
114 252
114 253
114 254
114 255
114 256
114 257
114 258
114 259
114 260
114 261
114 262
114 263
114 264
114 423
114 424
114 425
114 426
114 427
114 428
114 429
114 430
114 431
114 432
114 433
114 434
114 435
114 436
114 437
114 438
114 439
114 440
114 441
114 442
114 443
115 227
115 228
115 229
115 230
115 231
115 232
115 233
115 234
115 251
115 252
115 253
115 254
115 255
115 256
115 257
115 258
115 259
115 260
115 261
115 262
115 263
115 422
115 423
115 424
115 425
115 426
115 427
115 428
115 429
115 430
115 431
115 432
115 433
115 434
115 435
115 436
115 437
115 438
115 439
115 440
115 441
115 442
115 443
116 227
116 228
116 229
116 230
116 231
116 232
116 233
116 251
116 252
116 253
116 254
116 255
116 256
116 257
116 258
116 259
116 260
116 261
116 262
116 422
116 423
116 424
116 425
116 426
116 427
116 428
116 429
116 430
116 431
116 432
116 433
116 434
116 435
116 436
116 437
116 438
116 439
116 440
116 441
116 442
116 443
116 444
117 227
117 228
117 229
117 230
117 231
117 232
117 233
117 252
117 253
117 254
117 255
117 256
117 257
117 258
117 259
117 260
117 261
117 422
117 423
117 424
117 425
117 426
117 427
117 428
117 429
117 430
117 431
117 432
117 433
117 434
117 435
117 436
117 437
117 438
117 439
117 440
117 441
117 442
117 443
117 444
117 445
118 227
118 228
118 229
118 230
118 231
118 232
118 233
118 252
118 253
118 254
118 255
118 256
118 257
118 258
118 259
118 260
118 422
118 423
118 424
118 425
118 426
118 427
118 428
118 429
118 430
118 431
118 432
118 433
118 434
118 435
118 436
118 437
118 438
118 439
118 440
118 441
118 442
118 443
118 444
118 445
119 227
119 228
119 229
119 230
119 231
119 232
119 233
119 251
119 252
119 253
119 254
119 255
119 256
119 257
119 258
119 259
119 422
119 423
119 424
119 425
119 426
119 427
119 428
119 429
119 430
119 431
119 432
119 433
119 434
119 435
119 436
119 437
119 438
119 439
119 440
119 441
119 442
119 443
119 444
119 445
119 446
120 227
120 228
120 229
120 230
120 231
120 232
120 233
120 252
120 253
120 254
120 255
120 256
120 257
120 258
120 422
120 423
120 424
120 425
120 426
120 427
120 428
120 429
120 430
120 431
120 432
120 433
120 434
120 435
120 436
120 437
120 438
120 439
120 440
120 441
120 442
120 443
120 444
120 445
120 446
121 227
121 228
121 229
121 230
121 231
121 232
121 233
121 252
121 253
121 254
121 255
121 256
121 257
121 422
121 423
121 424
121 425
121 426
121 427
121 428
121 429
121 430
121 431
121 432
121 433
121 434
121 435
121 436
121 437
121 438
121 439
121 440
121 441
121 442
121 443
121 444
121 445
121 446
121 447
122 227
122 228
122 229
122 230
122 231
122 232
122 233
122 253
122 254
122 255
122 256
122 422
122 423
122 424
122 425
122 426
122 427
122 428
122 429
122 430
122 431
122 432
122 433
122 434
122 435
122 436
122 437
122 438
122 439
122 440
122 441
122 442
122 443
122 444
122 445
122 446
122 447
123 227
123 228
123 229
123 230
123 231
123 232
123 233
123 253
123 254
123 255
123 422
123 423
123 424
123 425
123 426
123 427
123 428
123 429
123 430
123 431
123 432
123 433
123 434
123 435
123 436
123 437
123 438
123 439
123 440
123 441
123 442
123 443
123 444
123 445
123 446
123 447
123 448
124 227
124 228
124 229
124 230
124 231
124 232
124 233
124 254
124 422
124 423
124 424
124 425
124 426
124 427
124 428
124 429
124 430
124 431
124 432
124 433
124 434
124 435
124 436
124 437
124 438
124 439
124 440
124 441
124 442
124 443
124 444
124 445
124 446
124 447
124 448
124 449
125 227
125 228
125 229
125 230
125 231
125 232
125 233
125 422
125 423
125 424
125 425
125 426
125 427
125 428
125 429
125 430
125 431
125 432
125 433
125 434
125 435
125 436
125 437
125 438
125 439
125 440
125 441
125 442
125 443
125 444
125 445
125 446
125 447
125 448
125 449
126 227
126 228
126 229
126 230
126 231
126 232
126 233
126 422
126 423
126 424
126 425
126 426
126 427
126 428
126 429
126 430
126 431
126 432
126 433
126 434
126 435
126 436
126 437
126 438
126 439
126 440
126 441
126 442
126 443
126 444
126 445
126 446
126 447
126 448
126 449
126 450
127 227
127 228
127 229
127 230
127 231
127 232
127 233
127 421
127 422
127 423
127 424
127 425
127 426
127 427
127 428
127 429
127 430
127 431
127 432
127 433
127 434
127 435
127 436
127 437
127 438
127 439
127 440
127 441
127 442
127 443
127 444
127 445
127 446
127 447
127 448
127 449
127 450
128 226
128 227
128 228
128 229
128 230
128 231
128 232
128 233
128 421
128 422
128 423
128 424
128 425
128 426
128 427
128 428
128 429
128 430
128 431
128 432
128 433
128 434
128 435
128 436
128 437
128 438
128 439
128 440
128 441
128 442
128 443
128 444
128 445
128 446
128 447
128 448
128 449
128 450
128 451
129 226
129 227
129 228
129 229
129 230
129 231
129 232
129 233
129 421
129 422
129 423
129 424
129 425
129 426
129 427
129 428
129 429
129 430
129 431
129 432
129 433
129 434
129 435
129 436
129 437
129 438
129 439
129 440
129 441
129 442
129 443
129 444
129 445
129 446
129 447
129 448
129 449
129 450
129 451
130 226
130 227
130 228
130 229
130 230
130 231
130 232
130 421
130 422
130 423
130 424
130 425
130 426
130 427
130 428
130 429
130 430
130 431
130 432
130 433
130 434
130 435
130 436
130 437
130 438
130 439
130 440
130 441
130 442
130 443
130 444
130 445
130 446
130 447
130 448
130 449
130 450
130 451
130 452
131 226
131 227
131 228
131 229
131 230
131 231
131 232
131 421
131 422
131 423
131 424
131 425
131 426
131 427
131 428
131 429
131 430
131 431
131 432
131 433
131 434
131 435
131 436
131 437
131 438
131 439
131 440
131 441
131 442
131 443
131 444
131 445
131 446
131 447
131 448
131 449
131 450
131 451
131 452
132 226
132 227
132 228
132 229
132 230
132 231
132 232
132 421
132 422
132 423
132 424
132 425
132 426
132 427
132 428
132 429
132 430
132 431
132 432
132 433
132 434
132 435
132 436
132 437
132 438
132 439
132 440
132 441
132 442
132 443
132 444
132 445
132 446
132 447
132 448
132 449
132 450
132 451
132 452
132 453
133 226
133 227
133 228
133 229
133 230
133 231
133 232
133 421
133 422
133 423
133 424
133 425
133 426
133 427
133 428
133 429
133 430
133 431
133 432
133 433
133 434
133 435
133 436
133 437
133 438
133 439
133 440
133 441
133 442
133 443
133 444
133 445
133 446
133 447
133 448
133 449
133 450
133 451
133 452
133 453
133 454
134 226
134 227
134 228
134 229
134 230
134 231
134 232
134 421
134 422
134 423
134 424
134 425
134 426
134 427
134 428
134 429
134 430
134 431
134 432
134 433
134 434
134 435
134 436
134 437
134 438
134 439
134 440
134 441
134 442
134 443
134 444
134 445
134 446
134 447
134 448
134 449
134 450
134 451
134 452
134 453
134 454
135 226
135 227
135 228
135 229
135 230
135 231
135 232
135 421
135 422
135 423
135 424
135 425
135 426
135 427
135 428
135 429
135 430
135 431
135 432
135 433
135 434
135 435
135 436
135 437
135 438
135 439
135 440
135 441
135 442
135 443
135 444
135 445
135 446
135 447
135 448
135 449
135 450
135 451
135 452
135 453
135 454
135 455
136 226
136 227
136 228
136 229
136 230
136 231
136 232
136 421
136 422
136 423
136 424
136 425
136 426
136 427
136 428
136 429
136 430
136 431
136 432
136 433
136 434
136 435
136 436
136 437
136 438
136 439
136 440
136 441
136 442
136 443
136 444
136 445
136 446
136 447
136 448
136 449
136 450
136 451
136 452
136 453
136 454
136 455
137 226
137 227
137 228
137 229
137 230
137 231
137 232
137 421
137 422
137 423
137 424
137 425
137 426
137 427
137 428
137 429
137 430
137 431
137 432
137 433
137 434
137 435
137 436
137 437
137 438
137 439
137 440
137 441
137 442
137 443
137 444
137 445
137 446
137 447
137 448
137 449
137 450
137 451
137 452
137 453
137 454
137 455
137 456
138 226
138 227
138 228
138 229
138 230
138 231
138 232
138 421
138 422
138 423
138 424
138 425
138 426
138 427
138 428
138 429
138 430
138 431
138 432
138 433
138 434
138 435
138 436
138 437
138 438
138 439
138 440
138 441
138 442
138 443
138 444
138 445
138 446
138 447
138 448
138 449
138 450
138 451
138 452
138 453
138 454
138 455
138 456
139 226
139 227
139 228
139 229
139 230
139 231
139 232
139 421
139 422
139 423
139 424
139 425
139 426
139 427
139 428
139 429
139 430
139 431
139 432
139 433
139 434
139 435
139 436
139 437
139 438
139 439
139 440
139 441
139 442
139 443
139 444
139 445
139 446
139 447
139 448
139 449
139 450
139 451
139 452
139 453
139 454
139 455
139 456
139 457
140 226
140 227
140 228
140 229
140 230
140 231
140 232
140 421
140 422
140 423
140 424
140 425
140 426
140 427
140 428
140 429
140 430
140 431
140 432
140 433
140 434
140 435
140 436
140 437
140 438
140 439
140 440
140 441
140 442
140 443
140 444
140 445
140 446
140 447
140 448
140 449
140 450
140 451
140 452
140 453
140 454
140 455
140 456
140 457
141 225
141 226
141 227
141 228
141 229
141 230
141 231
141 232
141 421
141 422
141 423
141 424
141 425
141 426
141 427
141 428
141 429
141 430
141 431
141 432
141 433
141 434
141 435
141 436
141 437
141 438
141 439
141 440
141 441
141 442
141 443
141 444
141 445
141 446
141 447
141 448
141 449
141 450
141 451
141 452
141 453
141 454
141 455
141 456
141 457
141 458
142 225
142 226
142 227
142 228
142 229
142 230
142 231
142 232
142 421
142 422
142 423
142 424
142 425
142 426
142 427
142 428
142 429
142 430
142 431
142 432
142 433
142 434
142 435
142 436
142 437
142 438
142 439
142 440
142 441
142 442
142 443
142 444
142 445
142 446
142 447
142 448
142 449
142 450
142 451
142 452
142 453
142 454
142 455
142 456
142 457
142 458
143 225
143 226
143 227
143 228
143 229
143 230
143 231
143 421
143 422
143 423
143 424
143 425
143 426
143 427
143 428
143 429
143 430
143 431
143 432
143 433
143 434
143 435
143 436
143 437
143 438
143 439
143 440
143 441
143 442
143 443
143 444
143 445
143 446
143 447
143 448
143 449
143 450
143 451
143 452
143 453
143 454
143 455
143 456
143 457
143 458
143 459
144 225
144 226
144 227
144 228
144 229
144 230
144 231
144 421
144 422
144 423
144 424
144 425
144 426
144 427
144 428
144 429
144 430
144 431
144 432
144 433
144 434
144 435
144 436
144 437
144 438
144 439
144 440
144 441
144 442
144 443
144 444
144 445
144 446
144 447
144 448
144 449
144 450
144 451
144 452
144 453
144 454
144 455
144 456
144 457
144 458
144 459
145 225
145 226
145 227
145 228
145 229
145 230
145 231
145 421
145 422
145 423
145 424
145 425
145 426
145 427
145 428
145 429
145 430
145 431
145 432
145 433
145 434
145 435
145 436
145 437
145 438
145 439
145 440
145 441
145 442
145 443
145 444
145 445
145 446
145 447
145 448
145 449
145 450
145 451
145 452
145 453
145 454
145 455
145 456
145 457
145 458
145 459
145 460
146 225
146 226
146 227
146 228
146 229
146 230
146 231
146 421
146 422
146 423
146 424
146 425
146 426
146 427
146 428
146 429
146 430
146 431
146 432
146 433
146 434
146 435
146 436
146 437
146 438
146 439
146 440
146 441
146 442
146 443
146 444
146 445
146 446
146 447
146 448
146 449
146 450
146 451
146 452
146 453
146 454
146 455
146 456
146 457
146 458
146 459
146 460
147 225
147 226
147 227
147 228
147 229
147 230
147 231
147 421
147 422
147 423
147 424
147 425
147 426
147 427
147 428
147 429
147 430
147 431
147 432
147 433
147 434
147 435
147 436
147 437
147 438
147 439
147 440
147 441
147 442
147 443
147 444
147 445
147 446
147 447
147 448
147 449
147 450
147 451
147 452
147 453
147 454
147 455
147 456
147 457
147 458
147 459
147 460
147 461
148 225
148 226
148 227
148 228
148 229
148 230
148 231
148 421
148 422
148 423
148 424
148 425
148 426
148 427
148 428
148 429
148 430
148 431
148 432
148 433
148 434
148 435
148 436
148 437
148 438
148 439
148 440
148 441
148 442
148 443
148 444
148 445
148 446
148 447
148 448
148 449
148 450
148 451
148 452
148 453
148 454
148 455
148 456
148 457
148 458
148 459
148 460
148 461
149 225
149 226
149 227
149 228
149 229
149 230
149 231
149 421
149 422
149 423
149 424
149 425
149 426
149 427
149 428
149 429
149 430
149 431
149 432
149 433
149 434
149 435
149 436
149 437
149 438
149 439
149 440
149 441
149 442
149 443
149 444
149 445
149 446
149 447
149 448
149 449
149 450
149 451
149 452
149 453
149 454
149 455
149 456
149 457
149 458
149 459
149 460
149 461
149 462
150 225
150 226
150 227
150 228
150 229
150 230
150 231
150 421
150 422
150 423
150 424
150 425
150 426
150 427
150 428
150 429
150 430
150 431
150 432
150 433
150 434
150 435
150 436
150 437
150 438
150 439
150 440
150 441
150 442
150 443
150 444
150 445
150 446
150 447
150 448
150 449
150 450
150 451
150 452
150 453
150 454
150 455
150 456
150 457
150 458
150 459
150 460
151 224
151 225
151 226
151 227
151 228
151 229
151 230
151 231
151 421
151 422
151 423
151 424
151 425
151 426
151 427
151 428
151 429
151 430
151 431
151 432
151 433
151 434
151 435
151 436
151 437
151 438
151 439
151 440
151 441
151 442
151 443
151 444
151 445
151 446
151 447
151 448
151 449
151 450
151 451
151 452
151 453
151 454
151 455
151 456
151 457
151 458
152 224
152 225
152 226
152 227
152 228
152 229
152 230
152 231
152 421
152 422
152 423
152 424
152 425
152 426
152 427
152 428
152 429
152 430
152 431
152 432
152 433
152 434
152 435
152 436
152 437
152 438
152 439
152 440
152 441
152 442
152 443
152 444
152 445
152 446
152 447
152 448
152 449
152 450
152 451
152 452
152 453
152 454
152 455
152 456
152 457
152 458
153 224
153 225
153 226
153 227
153 228
153 229
153 230
153 231
153 421
153 422
153 423
153 424
153 425
153 426
153 427
153 428
153 429
153 430
153 431
153 432
153 433
153 434
153 435
153 436
153 437
153 438
153 439
153 440
153 441
153 442
153 443
153 444
153 445
153 446
153 447
153 448
153 449
153 450
153 451
153 452
153 455
153 456
153 457
153 458
154 224
154 225
154 226
154 227
154 228
154 229
154 230
154 231
154 421
154 422
154 423
154 424
154 425
154 426
154 427
154 428
154 429
154 430
154 431
154 432
154 433
154 434
154 435
154 436
154 437
154 438
154 439
154 440
154 441
154 442
154 443
154 444
154 445
154 446
154 447
154 448
154 449
154 450
154 451
154 455
154 456
154 457
154 458
155 224
155 225
155 226
155 227
155 228
155 229
155 230
155 231
155 421
155 422
155 423
155 424
155 425
155 426
155 427
155 428
155 429
155 430
155 431
155 432
155 433
155 434
155 435
155 436
155 437
155 438
155 439
155 440
155 441
155 442
155 443
155 444
155 445
155 446
155 447
155 448
155 454
155 455
155 456
155 457
155 458
156 224
156 225
156 226
156 227
156 228
156 229
156 230
156 231
156 421
156 422
156 423
156 424
156 425
156 426
156 427
156 428
156 429
156 430
156 431
156 432
156 433
156 434
156 435
156 436
156 437
156 438
156 439
156 440
156 441
156 442
156 443
156 444
156 445
156 454
156 455
156 456
156 457
156 458
157 224
157 225
157 226
157 227
157 228
157 229
157 230
157 421
157 422
157 423
157 424
157 425
157 426
157 427
157 428
157 429
157 430
157 431
157 432
157 433
157 434
157 435
157 436
157 437
157 438
157 439
157 440
157 441
157 442
157 443
157 454
157 455
157 456
157 457
158 224
158 225
158 226
158 227
158 228
158 229
158 230
158 422
158 423
158 424
158 425
158 426
158 427
158 428
158 429
158 430
158 431
158 432
158 433
158 434
158 435
158 436
158 437
158 438
158 439
158 440
158 441
158 454
158 455
158 456
158 457
159 224
159 225
159 226
159 227
159 228
159 229
159 230
159 423
159 424
159 425
159 426
159 427
159 428
159 429
159 430
159 431
159 432
159 433
159 434
159 435
159 436
159 437
159 438
159 454
159 455
159 456
159 457
160 224
160 225
160 226
160 227
160 228
160 229
160 230
160 425
160 426
160 427
160 428
160 429
160 432
160 454
160 455
160 456
160 457
161 224
161 225
161 226
161 227
161 228
161 229
161 230
161 454
161 455
161 456
161 457
162 223
162 224
162 225
162 226
162 227
162 228
162 229
162 230
162 454
162 455
162 456
162 457
163 223
163 224
163 225
163 226
163 227
163 228
163 229
163 230
163 453
163 454
163 455
163 456
163 457
164 223
164 224
164 225
164 226
164 227
164 228
164 229
164 230
164 453
164 454
164 455
164 456
164 457
165 223
165 224
165 225
165 226
165 227
165 228
165 229
165 230
165 453
165 454
165 455
165 456
166 223
166 224
166 225
166 226
166 227
166 228
166 229
166 230
166 453
166 454
166 455
166 456
167 223
167 224
167 225
167 226
167 227
167 228
167 229
167 230
167 453
167 454
167 455
167 456
168 223
168 224
168 225
168 226
168 227
168 228
168 229
168 230
168 453
168 454
168 455
168 456
169 223
169 224
169 225
169 226
169 227
169 228
169 229
169 230
169 453
169 454
169 455
169 456
170 223
170 224
170 225
170 226
170 227
170 228
170 229
170 230
170 452
170 453
170 454
170 455
170 456
171 223
171 224
171 225
171 226
171 227
171 228
171 229
171 230
171 452
171 453
171 454
171 455
171 456
172 223
172 224
172 225
172 226
172 227
172 228
172 229
172 230
172 452
172 453
172 454
172 455
173 222
173 223
173 224
173 225
173 226
173 227
173 228
173 229
173 452
173 453
173 454
173 455
174 222
174 223
174 224
174 225
174 226
174 227
174 228
174 229
174 452
174 453
174 454
174 455
175 222
175 223
175 224
175 225
175 226
175 227
175 228
175 229
175 452
175 453
175 454
175 455
176 222
176 223
176 224
176 225
176 226
176 227
176 228
176 229
176 452
176 453
176 454
176 455
177 222
177 223
177 224
177 225
177 226
177 227
177 228
177 229
177 452
177 453
177 454
177 455
178 222
178 223
178 224
178 225
178 226
178 227
178 228
178 229
178 451
178 452
178 453
178 454
178 455
179 222
179 223
179 224
179 225
179 226
179 227
179 228
179 229
179 451
179 452
179 453
179 454
179 455
180 221
180 222
180 223
180 224
180 225
180 226
180 227
180 228
180 229
180 451
180 452
180 453
180 454
181 222
181 223
181 224
181 225
181 226
181 227
181 228
181 229
181 451
181 452
181 453
181 454
182 223
182 224
182 225
182 226
182 227
182 228
182 229
182 451
182 452
182 453
182 454
183 224
183 225
183 226
183 227
183 228
183 229
183 451
183 452
183 453
183 454
184 225
184 226
184 227
184 228
184 229
184 451
184 452
184 453
184 454
185 226
185 227
185 228
185 229
185 451
185 452
185 453
185 454
186 226
186 227
186 228
186 229
186 450
186 451
186 452
186 453
186 454
187 227
187 228
187 229
187 450
187 451
187 452
187 453
187 454
188 228
188 229
188 450
188 451
188 452
188 453
189 450
189 451
189 452
189 453
190 450
190 451
190 452
190 453
191 450
191 451
191 452
191 453
192 450
192 451
192 452
192 453
193 450
193 451
193 452
193 453
194 449
194 450
194 451
194 452
194 453
195 449
195 450
195 451
195 452
195 453
196 449
196 450
196 451
196 452
197 449
197 450
197 451
197 452
198 449
198 450
198 451
198 452
199 449
199 450
199 451
199 452
200 449
200 450
200 451
200 452
201 448
201 449
201 450
201 451
201 452
202 448
202 449
202 450
202 451
202 452
203 448
203 449
203 450
203 451
203 452
204 448
204 449
204 450
204 451
205 448
205 449
205 450
205 451
206 448
206 449
206 450
206 451
207 448
207 449
207 450
207 451
208 448
208 449
208 450
208 451
209 447
209 448
209 449
209 450
209 451
210 447
210 448
210 449
210 450
210 451
211 447
211 448
211 449
211 450
211 451
212 447
212 448
212 449
212 450
213 447
213 448
213 449
213 450
214 447
214 448
214 449
214 450
215 447
215 448
215 449
215 450
216 447
216 448
216 449
216 450
217 446
217 447
217 448
217 449
217 450
218 446
218 447
218 448
218 449
218 450
219 446
219 447
219 448
219 449
219 450
220 446
220 447
220 448
220 449
221 446
221 447
221 448
221 449
222 446
222 447
222 448
222 449
223 446
223 447
223 448
223 449
224 445
224 446
224 447
224 448
224 449
225 445
225 446
225 447
225 448
225 449
226 445
226 446
226 447
226 448
226 449
227 445
227 446
227 447
227 448
227 449
228 445
228 446
228 447
228 448
228 449
229 445
229 446
229 447
229 448
230 445
230 446
230 447
230 448
231 445
231 446
231 447
231 448
232 444
232 445
232 446
232 447
232 448
233 444
233 445
233 446
233 447
233 448
234 444
234 445
234 446
234 447
234 448
235 444
235 445
235 446
235 447
235 448
236 444
236 445
236 446
236 447
236 448
237 444
237 445
237 446
237 447
237 448
238 444
238 445
238 446
238 447
239 444
239 445
239 446
239 447
240 443
240 444
240 445
240 446
240 447
241 443
241 444
241 445
241 446
241 447
242 443
242 444
242 445
242 446
242 447
243 443
243 444
243 445
243 446
243 447
244 443
244 444
244 445
244 446
244 447
245 443
245 444
245 445
245 446
245 447
246 443
246 444
246 445
246 446
246 447
247 443
247 444
247 445
247 446
248 442
248 443
248 444
248 445
248 446
249 442
249 443
249 444
249 445
249 446
250 442
250 443
250 444
250 445
250 446
251 442
251 443
251 444
251 445
251 446
252 442
252 443
252 444
252 445
252 446
253 442
253 443
253 444
253 445
253 446
254 442
254 443
254 444
254 445
254 446
255 442
255 443
255 444
255 445
255 446
256 441
256 442
256 443
256 444
256 445
257 441
257 442
257 443
257 444
257 445
258 441
258 442
258 443
258 444
258 445
259 441
259 442
259 443
259 444
259 445
260 441
260 442
260 443
260 444
260 445
261 441
261 442
261 443
261 444
261 445
262 441
262 442
262 443
262 444
262 445
263 441
263 442
263 443
263 444
263 445
264 440
264 441
264 442
264 443
264 444
264 445
265 440
265 441
265 442
265 443
265 444
266 440
266 441
266 442
266 443
266 444
267 440
267 441
267 442
267 443
267 444
268 440
268 441
268 442
268 443
268 444
269 440
269 441
269 442
269 443
269 444
270 440
270 441
270 442
270 443
270 444
271 439
271 440
271 441
271 442
271 443
271 444
272 439
272 440
272 441
272 442
272 443
272 444
273 439
273 440
273 441
273 442
273 443
273 444
274 439
274 440
274 441
274 442
274 443
274 444
275 439
275 440
275 441
275 442
275 443
276 439
276 440
276 441
276 442
276 443
277 439
277 440
277 441
277 442
277 443
278 439
278 440
278 441
278 442
278 443
279 439
279 440
279 441
279 442
279 443
280 438
280 439
280 440
280 441
280 442
280 443
281 438
281 439
281 440
281 441
281 442
281 443
282 438
282 439
282 440
282 441
282 442
282 443
283 438
283 439
283 440
283 441
283 442
283 443
284 438
284 439
284 440
284 441
284 442
285 438
285 439
285 440
285 441
285 442
286 438
286 439
286 440
286 441
286 442
287 438
287 439
287 440
287 441
287 442
288 437
288 438
288 439
288 440
288 441
288 442
289 437
289 438
289 439
289 440
289 441
289 442
290 437
290 438
290 439
290 440
290 441
290 442
291 437
291 438
291 439
291 440
291 441
291 442
292 437
292 438
292 439
292 440
292 441
292 442
293 437
293 438
293 439
293 440
293 441
293 442
294 437
294 438
294 439
294 440
294 441
295 437
295 438
295 439
295 440
295 441
296 438
296 439
296 440
296 441
297 438
297 439
297 440
297 441
298 438
298 439
298 440
298 441
299 438
299 439
299 440
299 441
300 438
300 439
300 440
300 441
301 439
301 440
301 441
302 439
302 440
302 441
303 439
303 440
304 439
304 440
305 440
306 440
307 440
308 440
309 440
