147 55
147 56
147 57
147 58
147 59
148 50
148 51
148 52
148 53
148 54
148 55
148 56
148 57
148 58
149 47
149 48
149 49
149 50
149 51
149 52
149 53
149 54
149 55
149 56
149 57
150 46
150 47
150 48
150 49
150 50
150 51
150 52
150 53
150 54
150 55
150 56
151 45
151 46
151 47
151 48
151 49
151 50
151 51
151 52
151 53
151 54
151 55
152 44
152 45
152 46
152 47
152 48
152 49
152 50
152 51
152 52
152 53
153 30
153 43
153 44
153 45
153 46
153 47
153 48
153 49
153 50
153 51
153 52
154 29
154 42
154 43
154 44
154 45
154 46
154 47
154 48
154 49
154 50
154 51
155 28
155 41
155 42
155 43
155 44
155 45
155 46
155 47
155 48
155 49
155 50
156 27
156 28
156 40
156 41
156 42
156 43
156 44
156 45
156 46
156 47
156 48
156 49
157 26
157 39
157 40
157 41
157 42
157 43
157 44
157 45
157 46
157 47
157 48
158 25
158 38
158 39
158 40
158 41
158 42
158 43
158 44
158 45
158 46
158 47
159 37
159 38
159 39
159 40
159 41
159 42
159 43
159 44
159 45
159 46
160 36
160 37
160 38
160 39
160 40
160 41
160 42
160 43
160 44
160 45
161 35
161 36
161 37
161 38
161 39
161 40
161 41
161 42
161 43
161 44
162 34
162 35
162 36
162 37
162 38
162 39
162 40
162 41
162 42
163 33
163 34
163 35
163 36
163 37
163 38
163 39
163 40
163 41
164 32
164 33
164 34
164 35
164 36
164 37
164 38
164 39
164 40
165 31
165 32
165 33
165 34
165 35
165 36
165 37
165 38
165 39
166 30
166 31
166 32
166 33
166 34
166 35
166 36
166 37
166 38
167 29
167 30
167 31
167 32
167 33
167 34
167 35
167 36
167 37
167 119
168 28
168 29
168 30
168 31
168 32
168 33
168 34
168 35
168 36
169 27
169 28
169 29
169 30
169 31
169 32
169 33
169 34
169 35
169 116
170 26
170 27
170 28
170 29
170 30
170 31
170 32
170 33
170 34
171 25
171 26
171 27
171 28
171 29
171 30
171 31
171 32
171 33
172 12
172 24
172 25
172 26
172 27
172 28
172 29
172 30
172 31
172 32
173 11
173 23
173 24
173 25
173 26
173 27
173 28
173 29
173 30
173 31
174 10
174 22
174 23
174 24
174 25
174 26
174 27
174 28
174 29
175 9
175 21
175 22
175 23
175 24
175 25
175 26
175 27
175 28
176 8
176 20
176 21
176 22
176 23
176 24
176 25
176 26
176 27
177 7
177 18
177 19
177 20
177 21
177 22
177 23
177 24
177 25
177 26
178 6
178 17
178 18
178 19
178 20
178 21
178 22
178 23
178 24
178 25
179 16
179 17
179 18
179 19
179 20
179 21
179 22
179 23
179 24
180 15
180 16
180 17
180 18
180 19
180 20
180 21
180 22
180 23
181 14
181 15
181 16
181 17
181 18
181 19
181 20
181 21
181 22
182 13
182 14
182 15
182 16
182 17
182 18
182 19
182 20
182 21
183 12
183 13
183 14
183 15
183 16
183 17
183 18
183 19
183 20
184 11
184 12
184 13
184 14
184 15
184 16
184 17
184 18
184 19
185 10
185 11
185 12
185 13
185 14
185 15
185 16
185 17
185 18
186 9
186 10
186 11
186 12
186 13
186 14
186 15
186 16
186 17
187 8
187 9
187 10
187 11
187 12
187 13
187 14
187 15
187 16
188 7
188 8
188 9
188 10
188 11
188 12
188 13
188 14
188 15
189 -4
189 6
189 7
189 8
189 9
189 10
189 11
189 12
189 13
190 -5
190 5
190 6
190 7
190 8
190 9
190 10
190 11
190 12
191 -6
191 4
191 5
191 6
191 7
191 8
191 9
191 10
191 11
192 -7
192 3
192 4
192 5
192 6
192 7
192 8
192 9
192 10
193 -8
193 2
193 3
193 4
193 5
193 6
193 7
193 8
193 9
194 1
194 2
194 3
194 4
194 5
194 6
194 7
194 8
195 0
195 1
195 2
195 3
195 4
195 5
195 6
195 7
196 -1
196 0
196 1
196 2
196 3
196 4
196 5
196 6
197 -2
197 -1
197 0
197 1
197 2
197 3
197 4
197 5
198 -2
198 -1
198 0
198 1
198 2
198 3
198 4
199 -3
199 -2
199 -1
199 0
199 1
199 2
199 3
200 -4
200 -3
200 -2
200 -1
200 0
200 1
200 2
201 -5
201 -4
201 -3
201 -2
201 -1
201 0
201 1
202 -6
202 -5
202 -4
202 -3
202 -2
202 -1
202 0
203 -17
203 -7
203 -6
203 -5
203 -4
203 -3
203 -2
203 -1
204 -18
204 -8
204 -7
204 -6
204 -5
204 -4
204 -3
204 -2
205 -19
205 -9
205 -8
205 -7
205 -6
205 -5
205 -4
205 -3
206 -10
206 -9
206 -8
206 -7
206 -6
206 -5
206 -4
207 -11
207 -10
207 -9
207 -8
207 -7
207 -6
207 -5
208 -12
208 -11
208 -10
208 -9
208 -8
208 -7
208 -6
209 -13
209 -12
209 -11
209 -10
209 -9
209 -8
209 -7
210 -14
210 -13
210 -12
210 -11
210 -10
210 -9
210 -8
211 -15
211 -14
211 -13
211 -12
211 -11
211 -10
211 -9
212 -16
212 -15
212 -14
212 -13
212 -12
212 -11
212 -10
213 -17
213 -16
213 -15
213 -14
213 -13
213 -12
213 -11
214 -27
214 -18
214 -17
214 -16
214 -15
214 -14
214 -13
214 -12
215 -28
215 -19
215 -18
215 -17
215 -16
215 -15
215 -14
215 -13
216 -29
216 -20
216 -19
216 -18
216 -17
216 -16
216 -15
216 -14
217 -21
217 -20
217 -19
217 -18
217 -17
217 -16
217 -15
218 -22
218 -21
218 -20
218 -19
218 -18
218 -17
218 -16
219 -23
219 -22
219 -21
219 -20
219 -19
219 -18
219 -17
220 -24
220 -23
220 -22
220 -21
220 -20
220 -19
220 -18
221 -25
221 -24
221 -23
221 -22
221 -21
221 -20
221 -19
222 -26
222 -25
222 -24
222 -23
222 -22
222 -21
222 -20
223 -27
223 -26
223 -25
223 -24
223 -23
223 -22
223 -21
224 -36
224 -28
224 -27
224 -26
224 -25
224 -24
224 -23
224 -22
225 -37
225 -29
225 -28
225 -27
225 -26
225 -25
225 -24
225 -23
226 -38
226 -30
226 -29
226 -28
226 -27
226 -26
226 -25
226 -24
227 -31
227 -30
227 -29
227 -28
227 -27
227 -26
227 -25
228 -31
228 -30
228 -29
228 -28
228 -27
228 -26
229 -32
229 -31
229 -30
229 -29
229 -28
229 -27
230 -33
230 -32
230 -31
230 -30
230 -29
230 -28
231 -34
231 -33
231 -32
231 -31
231 -30
231 -29
232 -35
232 -34
232 -33
232 -32
232 -31
232 -30
233 -44
233 -36
233 -35
233 -34
233 -33
233 -32
233 -31
234 -45
234 -37
234 -36
234 -35
234 -34
234 -33
234 -32
235 -46
235 -38
235 -37
235 -36
235 -35
235 -34
235 -33
235 19
236 -39
236 -38
236 -37
236 -36
236 -35
236 -34
237 -40
237 -39
237 -38
237 -37
237 -36
237 -35
238 -41
238 -40
238 -39
238 -38
238 -37
238 -36
239 -42
239 -41
239 -40
239 -39
239 -38
239 -37
240 -43
240 -42
240 -41
240 -40
240 -39
240 -38
241 -44
241 -43
241 -42
241 -41
241 -40
241 -39
242 -52
242 -45
242 -44
242 -43
242 -42
242 -41
242 -40
243 -53
243 -45
243 -44
243 -43
243 -42
243 -41
244 -46
244 -45
244 -44
244 -43
244 -42
245 -47
245 -46
245 -45
245 -44
245 -43
246 -48
246 -47
246 -46
246 -45
246 -44
247 -49
247 -48
247 -47
247 -46
247 -45
248 -50
248 -49
248 -48
248 -47
248 -46
249 -51
249 -50
249 -49
249 -48
249 -47
250 -59
250 -52
250 -51
250 -50
250 -49
250 -48
251 -60
251 -53
251 -52
251 -51
251 -50
251 -49
252 -54
252 -53
252 -52
252 -51
252 -50
253 -55
253 -54
253 -53
253 -52
253 -51
253 -50
254 -55
254 -54
254 -53
254 -52
254 -51
255 -56
255 -55
255 -54
255 -53
255 -52
256 -57
256 -56
256 -55
256 -54
256 -53
257 -58
257 -57
257 -56
257 -55
257 -54
257 -10
258 -59
258 -58
258 -57
258 -56
258 -55
259 -60
259 -59
259 -58
259 -57
259 -56
260 -60
260 -59
260 -58
260 -57
261 -60
261 -59
261 -58
262 -60
262 -59
263 -60
265 -20
288 -47
298 -58
343 391
344 389
345 388
346 386
348 383
348 393
349 381
349 391
349 392
349 393
349 394
350 380
350 389
350 390
350 391
350 392
350 393
350 394
351 378
351 388
351 389
351 390
351 391
351 392
351 393
351 394
352 386
352 387
352 388
352 389
352 390
352 391
352 392
352 393
352 394
352 395
353 375
353 385
353 386
353 387
353 388
353 389
353 390
353 391
353 392
353 393
353 394
353 395
354 373
354 383
354 384
354 385
354 386
354 387
354 388
354 389
354 390
354 391
354 392
354 393
354 394
354 395
355 372
355 381
355 382
355 383
355 384
355 385
355 386
355 387
355 388
355 389
355 390
355 391
355 392
355 393
355 394
355 395
355 396
356 370
356 380
356 381
356 382
356 383
356 384
356 385
356 386
356 387
356 388
356 389
356 390
356 391
356 392
356 393
356 394
356 395
356 396
357 378
357 379
357 380
357 381
357 382
357 383
357 384
357 385
357 386
357 387
357 388
357 389
357 390
357 391
357 392
357 393
357 394
357 395
357 396
358 367
358 376
358 377
358 378
358 379
358 380
358 381
358 382
358 383
358 384
358 385
358 386
358 387
358 388
358 389
358 390
358 391
358 392
358 393
358 394
358 395
359 365
359 375
359 376
359 377
359 378
359 379
359 380
359 381
359 382
359 383
359 384
359 385
359 386
359 387
359 388
359 389
359 390
359 391
359 392
359 393
360 373
360 374
360 375
360 376
360 377
360 378
360 379
360 380
360 381
360 382
360 383
360 384
360 385
360 386
360 387
360 388
360 389
360 390
360 391
361 362
361 372
361 373
361 374
361 375
361 376
361 377
361 378
361 379
361 380
361 381
361 382
361 383
361 384
361 385
361 386
361 387
361 388
361 389
362 370
362 371
362 372
362 373
362 374
362 375
362 376
362 377
362 378
362 379
362 380
362 381
362 382
362 383
362 384
362 385
362 386
362 387
363 359
363 368
363 369
363 370
363 371
363 372
363 373
363 374
363 375
363 376
363 377
363 378
363 379
363 380
363 381
363 382
363 383
363 384
363 385
363 386
364 357
364 367
364 368
364 369
364 370
364 371
364 372
364 373
364 374
364 375
364 376
364 377
364 378
364 379
364 380
364 381
364 382
364 383
364 384
365 365
365 366
365 367
365 368
365 369
365 370
365 371
365 372
365 373
365 374
365 375
365 376
365 377
365 378
365 379
365 380
365 381
365 382
366 354
366 363
366 364
366 365
366 366
366 367
366 368
366 369
366 370
366 371
366 372
366 373
366 374
366 375
366 376
366 377
366 378
366 379
366 380
367 352
367 362
367 363
367 364
367 365
367 366
367 367
367 368
367 369
367 370
367 371
367 372
367 373
367 374
367 375
367 376
367 377
367 378
368 246
368 360
368 361
368 362
368 363
368 364
368 365
368 366
368 367
368 368
368 369
368 370
368 371
368 372
368 373
368 374
368 375
368 376
369 349
369 358
369 359
369 360
369 361
369 362
369 363
369 364
369 365
369 366
369 367
369 368
369 369
369 370
369 371
369 372
369 373
369 374
370 357
370 358
370 359
370 360
370 361
370 362
370 363
370 364
370 365
370 366
370 367
370 368
370 369
370 370
370 371
370 372
370 373
371 355
371 356
371 357
371 358
371 359
371 360
371 361
371 362
371 363
371 364
371 365
371 366
371 367
371 368
371 369
371 370
371 371
372 344
372 353
372 354
372 355
372 356
372 357
372 358
372 359
372 360
372 361
372 362
372 363
372 364
372 365
372 366
372 367
372 368
372 369
373 243
373 352
373 353
373 354
373 355
373 356
373 357
373 358
373 359
373 360
373 361
373 362
373 363
373 364
373 365
373 366
373 367
374 341
374 350
374 351
374 352
374 353
374 354
374 355
374 356
374 357
374 358
374 359
374 360
374 361
374 362
374 363
374 364
374 365
375 339
375 348
375 349
375 350
375 351
375 352
375 353
375 354
375 355
375 356
375 357
375 358
375 359
375 360
375 361
375 362
375 363
376 346
376 347
376 348
376 349
376 350
376 351
376 352
376 353
376 354
376 355
376 356
376 357
376 358
376 359
376 360
376 361
377 345
377 346
377 347
377 348
377 349
377 350
377 351
377 352
377 353
377 354
377 355
377 356
377 357
377 358
377 359
378 240
378 334
378 343
378 344
378 345
378 346
378 347
378 348
378 349
378 350
378 351
378 352
378 353
378 354
378 355
378 356
378 357
379 341
379 342
379 343
379 344
379 345
379 346
379 347
379 348
379 349
379 350
379 351
379 352
379 353
379 354
379 355
380 339
380 340
380 341
380 342
380 343
380 344
380 345
380 346
380 347
380 348
380 349
380 350
380 351
380 352
380 353
381 329
381 338
381 339
381 340
381 341
381 342
381 343
381 344
381 345
381 346
381 347
381 348
381 349
381 350
381 351
382 336
382 337
382 338
382 339
382 340
382 341
382 342
382 343
382 344
382 345
382 346
382 347
382 348
382 349
383 334
383 335
383 336
383 337
383 338
383 339
383 340
383 341
383 342
383 343
383 344
383 345
383 346
383 347
383 348
384 324
384 332
384 333
384 334
384 335
384 336
384 337
384 338
384 339
384 340
384 341
384 342
384 343
384 344
384 345
384 346
385 322
385 331
385 332
385 333
385 334
385 335
385 336
385 337
385 338
385 339
385 340
385 341
385 342
385 343
385 344
386 329
386 330
386 331
386 332
386 333
386 334
386 335
386 336
386 337
386 338
386 339
386 340
386 341
386 342
387 319
387 327
387 328
387 329
387 330
387 331
387 332
387 333
387 334
387 335
387 336
387 337
387 338
387 339
387 340
388 317
388 325
388 326
388 327
388 328
388 329
388 330
388 331
388 332
388 333
388 334
388 335
388 336
388 337
388 338
389 323
389 324
389 325
389 326
389 327
389 328
389 329
389 330
389 331
389 332
389 333
389 334
389 335
389 336
390 321
390 322
390 323
390 324
390 325
390 326
390 327
390 328
390 329
390 330
390 331
390 332
390 333
390 334
391 312
391 320
391 321
391 322
391 323
391 324
391 325
391 326
391 327
391 328
391 329
391 330
391 331
391 332
392 310
392 318
392 319
392 320
392 321
392 322
392 323
392 324
392 325
392 326
392 327
392 328
392 329
392 330
393 316
393 317
393 318
393 319
393 320
393 321
393 322
393 323
393 324
393 325
393 326
393 327
393 328
394 314
394 315
394 316
394 317
394 318
394 319
394 320
394 321
394 322
394 323
394 324
394 325
395 305
395 312
395 313
395 314
395 315
395 316
395 317
395 318
395 319
395 320
395 321
395 322
395 323
396 303
396 310
396 311
396 312
396 313
396 314
396 315
396 316
396 317
396 318
396 319
396 320
396 321
397 301
397 308
397 309
397 310
397 311
397 312
397 313
397 314
397 315
397 316
397 317
397 318
397 319
398 306
398 307
398 308
398 309
398 310
398 311
398 312
398 313
398 314
398 315
398 316
398 317
399 305
399 306
399 307
399 308
399 309
399 310
399 311
399 312
399 313
399 314
399 315
400 296
400 303
400 304
400 305
400 306
400 307
400 308
400 309
400 310
400 311
400 312
400 313
401 294
401 301
401 302
401 303
401 304
401 305
401 306
401 307
401 308
401 309
401 310
401 311
402 292
402 299
402 300
402 301
402 302
402 303
402 304
402 305
402 306
402 307
402 308
402 309
403 297
403 298
403 299
403 300
403 301
403 302
403 303
403 304
403 305
403 306
403 307
404 295
404 296
404 297
404 298
404 299
404 300
404 301
404 302
404 303
404 304
405 287
405 293
405 294
405 295
405 296
405 297
405 298
405 299
405 300
405 301
405 302
406 285
406 291
406 292
406 293
406 294
406 295
406 296
406 297
406 298
406 299
406 300
407 283
407 289
407 290
407 291
407 292
407 293
407 294
407 295
407 296
407 297
407 298
408 281
408 287
408 288
408 289
408 290
408 291
408 292
408 293
408 294
408 295
408 296
409 279
409 285
409 286
409 287
409 288
409 289
409 290
409 291
409 292
409 293
410 283
410 284
410 285
410 286
410 287
410 288
410 289
410 290
410 291
411 280
411 281
411 282
411 283
411 284
411 285
411 286
411 287
411 288
411 289
412 274
412 278
412 279
412 280
412 281
412 282
412 283
412 284
412 285
412 286
412 287
413 272
413 276
413 277
413 278
413 279
413 280
413 281
413 282
413 283
413 284
414 270
414 274
414 275
414 276
414 277
414 278
414 279
414 280
414 281
414 282
415 268
415 272
415 273
415 274
415 275
415 276
415 277
415 278
415 279
415 280
416 266
416 269
416 270
416 271
416 272
416 273
416 274
416 275
416 276
416 277
417 264
417 267
417 268
417 269
417 270
417 271
417 272
417 273
417 274
417 275
418 262
418 263
418 264
418 265
418 266
418 267
418 268
418 269
418 270
418 271
418 272
418 273
419 260
419 261
419 262
419 263
419 264
419 265
419 266
419 267
419 268
419 269
419 270
420 258
420 259
420 260
420 261
420 262
420 263
420 264
420 265
420 266
420 267
420 268
421 256
421 257
421 258
421 259
421 260
421 261
421 262
421 263
421 264
421 265
422 254
422 255
422 256
422 257
422 258
422 259
422 260
422 261
422 262
422 263
423 252
423 253
423 254
423 255
423 256
423 257
423 258
423 259
423 260
424 250
424 251
424 252
424 253
424 254
424 255
424 256
424 257
424 258
425 248
425 249
425 250
425 251
425 252
425 253
425 254
425 255
426 246
426 247
426 248
426 249
426 250
426 251
426 252
427 244
427 245
427 246
427 247
427 248
427 249
428 242
428 243
428 244
428 245
428 246
428 247
429 240
429 241
429 242
429 243
429 244
430 239
430 240
477 -36
483 330
484 341
485 350
487 365
493 -40
493 -39
493 -38
493 -37
493 -36
493 -35
493 -34
493 -33
493 -32
493 -31
493 -30
493 -29
493 -28
493 -27
493 -26
493 -25
493 -24
493 -23
493 -22
493 -21
493 -20
493 -19
494 -58
494 -57
494 -56
494 -55
494 -54
494 -53
494 -52
494 -51
494 -50
494 -49
494 -48
494 -47
494 -46
494 -45
494 -44
494 -43
494 -42
494 -41
494 -40
494 -39
494 -38
494 -37
494 -36
494 -35
494 -34
495 -60
495 -59
495 -58
495 -57
508 25
511 -17
