-66 363
-66 364
-66 479
-65 362
-65 363
-65 477
-65 478
-64 361
-64 476
-63 359
-63 475
-62 359
-62 474
-61 357
-61 358
-61 473
-60 356
-60 472
-59 355
-59 470
-58 353
-58 354
-58 469
-58 470
-57 352
-57 353
-57 468
-57 469
-56 350
-56 351
-55 349
-55 350
-55 466
-54 348
-54 349
-53 346
-53 347
-53 463
-53 464
-52 345
-52 346
-52 462
-52 463
-51 344
-51 345
-51 461
-50 342
-50 343
-50 460
-49 341
-49 342
-49 458
-49 459
-48 457
-48 458
-47 338
-47 339
-47 456
-46 337
-46 455
-45 336
-45 453
-45 454
-44 335
-44 452
-44 453
-43 333
-43 334
-43 451
-42 331
-42 450
-41 330
-41 331
-41 448
-41 449
-40 329
-40 447
-40 448
-39 327
-39 328
-39 446
-38 326
-38 445
-37 324
-37 325
-37 443
-37 444
-36 324
-36 442
-35 441
-34 320
-34 321
-34 440
-33 319
-33 438
-33 439
-32 317
-32 318
-32 437
-31 316
-31 435
-31 436
-30 314
-30 434
-30 435
-29 313
-29 433
-28 311
-28 432
-27 310
-27 430
-27 431
-26 309
-26 429
-25 307
-25 427
-25 428
-24 306
-24 426
-24 427
-23 304
-23 425
-22 302
-22 303
-22 423
-22 424
-21 301
-21 422
-20 299
-20 300
-20 421
-19 298
-19 419
-18 296
-18 297
-17 295
-16 652
-15 292
-14 290
-13 288
-13 289
-12 287
-11 285
-11 286
-10 284
-10 650
-9 282
-8 280
-8 281
-7 279
-6 277
-6 278
-5 276
-5 649
-4 274
-3 272
-3 273
-2 648
-1 269
0 647
1 647
2 647
3 646
4 646
7 645
8 645
11 644
12 644
15 643
16 642
19 641
19 642
20 641
21 641
24 640
25 639
26 639
27 639
28 639
29 638
30 638
33 636
34 637
35 636
36 635
36 636
37 635
39 634
39 635
40 635
41 634
42 633
42 634
43 633
44 633
46 632
46 633
47 631
48 631
49 631
50 631
51 630
52 630
52 631
53 630
54 630
56 628
56 629
58 627
58 628
59 627
59 628
60 628
61 626
61 627
62 626
63 627
64 625
65 625
65 626
66 624
66 625
67 624
68 564
69 623
69 624
70 624
72 622
73 561
73 622
73 623
74 621
74 622
75 560
75 621
75 622
76 622
78 621
79 620
80 619
80 620
81 619
82 618
82 619
83 555
83 619
84 617
84 618
84 619
85 617
85 618
86 617
86 618
87 617
88 616
88 617
89 615
89 616
90 615
90 616
91 615
91 616
92 614
92 615
93 614
93 615
94 613
94 614
94 615
95 613
95 614
96 613
96 614
97 612
97 613
97 614
98 613
99 611
99 613
100 611
100 612
101 611
101 612
102 610
102 611
103 610
104 609
104 610
105 609
105 610
106 610
107 608
107 609
107 610
108 609
109 607
109 609
110 607
111 607
111 608
112 606
112 607
112 608
113 606
113 607
114 605
114 606
115 605
115 606
116 605
117 604
117 605
118 604
118 605
119 603
119 604
119 605
120 604
121 603
121 604
122 604
123 603
124 601
124 603
125 602
126 601
126 602
128 601
129 599
129 600
129 601
130 599
130 600
131 599
131 600
132 598
132 599
132 600
133 598
133 599
134 597
134 598
135 597
135 598
135 599
136 598
137 596
137 598
138 596
138 597
139 597
140 595
140 596
141 594
141 595
141 596
142 595
142 596
144 593
144 594
145 595
146 592
146 593
146 594
147 593
148 592
149 591
149 592
150 591
151 590
151 591
151 592
152 591
152 592
153 590
154 589
154 590
154 591
155 589
156 588
156 589
157 589
158 588
158 589
158 590
159 491
159 587
159 588
160 587
160 588
161 586
161 587
161 588
162 587
163 586
163 587
164 586
165 484
165 585
165 586
165 587
166 483
166 584
166 586
167 482
167 584
167 586
168 585
168 586
169 583
169 585
170 583
170 584
170 585
171 582
171 583
171 584
172 584
173 582
173 583
174 581
174 582
174 583
175 582
176 582
177 580
177 582
178 580
178 581
178 582
179 579
179 580
179 581
179 582
180 579
180 580
180 581
181 579
181 580
181 581
182 578
182 580
183 578
183 580
184 577
184 578
184 580
185 577
185 578
185 579
186 577
186 578
187 577
187 578
187 579
188 577
188 578
189 575
189 576
189 577
189 578
190 575
190 577
191 575
191 576
191 577
192 574
192 575
192 577
193 574
193 575
193 576
194 574
194 575
194 576
195 573
195 575
195 576
196 573
196 574
196 575
197 573
197 574
198 572
198 573
198 575
199 572
199 573
199 574
200 571
200 572
200 574
201 571
201 572
202 571
202 572
203 573
204 570
204 571
205 569
205 570
205 571
205 572
206 569
206 570
206 571
206 572
207 569
207 570
207 571
208 568
208 569
208 571
209 568
209 569
209 570
209 571
210 569
210 570
211 568
211 569
212 567
212 568
212 569
212 570
212 690
213 567
213 569
214 566
214 567
214 568
214 569
215 566
215 567
215 568
215 569
216 565
216 566
216 567
216 690
217 565
217 566
217 690
218 565
218 566
218 567
218 690
219 564
219 565
219 567
219 690
219 691
220 565
220 567
220 690
220 691
221 564
221 565
221 566
221 689
221 690
221 691
222 563
222 565
222 690
223 563
223 564
223 565
223 566
223 689
223 690
224 563
224 564
224 689
224 691
225 562
225 563
225 564
225 565
225 689
225 690
225 691
225 692
226 562
226 563
226 564
226 565
226 690
226 691
226 692
227 563
227 564
227 689
227 691
227 692
228 561
228 563
228 689
228 690
228 691
228 692
229 561
229 563
229 688
229 690
229 691
230 560
230 561
230 562
230 563
230 688
230 690
230 691
231 560
231 561
231 688
231 689
231 690
231 691
231 692
231 693
232 560
232 561
232 562
232 563
232 689
232 690
232 692
232 693
233 560
233 561
233 562
233 563
233 688
233 689
233 691
233 692
233 693
234 559
234 561
234 562
234 688
234 689
234 691
234 692
234 693
235 559
235 561
235 689
235 690
235 692
235 693
236 559
236 560
236 561
236 562
236 688
236 690
236 691
236 692
236 693
237 558
237 559
237 560
237 688
237 689
237 690
237 691
237 692
237 693
238 558
238 559
238 560
238 561
238 687
238 690
238 692
238 693
239 557
239 558
239 559
239 560
239 561
239 687
239 689
239 691
239 692
240 557
240 559
240 560
240 689
240 691
240 692
241 557
241 558
241 560
241 689
241 691
241 692
242 556
242 557
242 560
242 687
242 689
242 691
242 692
243 559
243 688
243 689
243 690
243 691
243 692
244 558
244 687
244 689
244 691
244 692
245 556
245 557
245 559
245 687
245 690
245 691
245 692
246 555
246 556
246 557
246 558
246 686
246 687
246 688
246 690
246 691
246 692
247 555
247 556
247 557
247 558
247 691
247 692
248 554
248 558
248 686
248 688
248 690
248 691
248 692
249 556
249 557
249 690
250 554
250 555
250 556
250 557
250 688
250 690
251 554
251 555
251 556
251 557
251 688
251 690
252 554
252 555
252 556
252 557
252 689
252 691
253 553
253 554
253 555
253 689
253 691
254 552
254 553
254 554
254 691
255 552
255 553
255 554
255 555
255 556
255 689
255 691
256 552
256 553
256 554
256 688
256 691
257 552
257 553
257 554
257 555
257 690
258 552
258 553
258 554
258 555
258 691
259 551
259 552
259 553
259 691
260 551
260 552
260 553
260 554
260 688
261 550
261 551
261 552
261 553
261 687
261 689
262 550
262 551
262 553
262 554
262 688
262 690
263 550
263 551
263 553
264 549
264 550
265 549
265 550
265 551
265 552
265 553
266 549
266 550
266 551
266 552
266 685
266 687
266 689
266 690
267 548
267 549
267 550
267 551
268 548
268 549
268 551
268 552
269 548
269 549
269 550
269 551
269 552
269 685
270 547
270 549
270 550
270 551
271 547
271 548
271 549
271 550
271 551
271 684
272 549
272 550
272 551
273 547
273 548
274 546
274 547
274 548
274 549
274 550
274 689
275 546
275 548
275 550
275 689
276 546
276 549
276 550
277 545
277 546
277 548
277 549
277 683
277 684
278 545
278 547
278 548
278 549
279 546
279 547
279 548
279 549
279 683
280 545
280 546
280 547
280 549
280 683
281 544
281 545
281 546
281 547
281 548
282 544
282 545
282 546
282 547
282 548
282 684
283 544
283 545
283 547
283 548
284 544
284 545
285 543
285 544
285 545
285 547
285 683
285 684
286 543
286 544
286 545
286 546
286 547
286 683
287 543
287 544
287 545
287 546
287 547
288 542
288 543
288 544
288 546
288 683
289 544
289 546
290 542
290 543
290 544
290 545
290 683
291 541
291 543
291 544
291 545
291 546
292 541
292 542
292 543
292 544
292 545
292 683
293 541
293 543
293 545
293 688
294 542
294 543
294 544
295 540
295 541
295 542
295 543
295 544
295 683
296 540
296 541
296 542
296 543
297 540
297 542
297 543
297 544
297 687
298 539
298 540
298 541
298 543
298 544
298 683
298 684
299 539
299 540
299 541
299 542
299 543
299 544
299 683
299 685
300 539
300 540
300 541
300 542
300 543
301 540
301 541
301 543
301 685
302 538
302 539
302 540
302 541
302 543
302 686
303 538
303 539
303 540
303 541
303 543
303 683
303 686
304 538
304 540
304 542
304 683
305 538
305 539
305 540
305 541
305 542
305 685
306 537
306 539
306 541
306 542
306 683
307 537
307 539
307 540
307 542
307 686
308 538
308 539
308 540
308 541
309 538
309 539
309 540
309 687
310 537
310 538
310 539
310 541
310 686
311 536
311 537
311 538
311 539
311 540
311 684
312 536
312 537
312 538
312 540
312 684
313 536
313 537
313 539
313 686
314 536
314 537
314 538
314 539
314 540
314 685
315 536
315 537
315 538
315 539
315 685
316 535
316 536
316 537
316 539
316 540
316 684
316 685
317 536
317 537
317 538
317 539
317 684
317 686
318 534
318 535
318 536
318 537
318 539
318 686
319 534
319 535
319 536
319 537
319 538
319 686
320 535
320 537
320 538
320 539
320 684
321 534
321 536
321 537
321 538
321 686
322 533
322 535
322 536
322 538
322 684
323 533
323 534
323 535
323 536
323 537
324 533
324 534
324 535
324 536
324 537
324 538
324 684
325 534
325 535
325 536
325 537
325 538
326 532
326 533
326 534
326 535
326 536
326 537
327 532
327 534
327 535
327 536
327 537
328 532
328 533
328 534
328 535
328 536
328 537
328 685
329 532
329 534
329 535
329 536
329 537
329 685
330 531
330 532
330 533
330 534
330 536
331 531
331 532
331 534
331 535
331 536
332 531
332 532
332 533
332 534
332 535
332 685
333 531
333 532
333 533
333 534
333 535
334 531
334 532
334 533
335 530
335 531
335 532
335 533
335 534
335 535
335 685
336 530
336 531
336 532
336 533
336 534
336 535
337 530
337 531
337 532
337 534
337 535
338 530
338 531
338 533
338 534
339 529
339 530
339 532
339 533
339 535
340 529
340 531
340 532
340 533
340 534
341 529
341 530
341 531
341 532
341 533
341 534
342 530
342 531
342 532
342 534
343 528
343 529
343 530
343 531
343 532
343 533
343 534
344 528
344 529
344 530
344 531
344 532
344 533
344 534
345 528
345 529
345 530
345 531
345 532
345 533
346 528
346 529
346 530
346 531
346 533
347 527
347 528
347 529
347 530
347 531
347 532
347 533
348 528
348 529
348 530
348 531
348 532
348 533
349 527
349 528
349 530
349 531
349 532
349 533
350 527
350 528
350 529
350 530
350 531
350 532
351 527
351 528
351 529
351 530
351 531
351 532
352 527
352 528
352 529
352 530
352 531
352 532
353 526
353 527
353 528
353 530
353 531
353 532
354 526
354 527
354 528
354 529
354 530
354 531
354 532
355 526
355 527
355 528
355 529
355 530
355 531
355 532
356 526
356 527
356 528
356 529
356 530
357 525
357 526
357 527
357 528
357 529
357 530
357 531
358 525
358 526
358 527
358 528
358 530
358 531
359 525
359 526
359 527
359 528
359 529
359 531
360 525
360 526
360 527
360 528
360 529
360 530
360 531
361 525
361 526
361 528
361 529
361 530
362 524
362 525
362 526
362 527
362 529
362 530
363 524
363 525
363 526
363 527
363 528
363 530
364 524
364 525
364 526
364 527
364 528
364 529
364 530
365 524
365 525
365 527
365 528
365 529
366 524
366 525
366 526
366 527
366 529
367 523
367 524
367 525
367 526
367 527
367 528
367 529
368 523
368 524
368 525
368 527
368 528
368 529
369 523
369 524
369 526
369 527
369 528
370 523
370 524
370 525
370 527
370 529
371 523
371 524
371 525
371 526
371 527
371 528
372 523
372 524
372 525
372 526
372 527
372 528
373 523
373 525
373 526
373 528
374 522
374 523
374 524
374 525
374 526
374 527
374 528
375 522
375 524
375 525
375 527
376 522
376 523
376 524
376 525
376 527
377 521
377 522
377 523
377 524
377 525
377 526
377 527
378 521
378 524
378 525
378 526
378 527
379 521
379 522
379 523
379 524
379 525
379 526
379 527
380 522
380 523
380 524
380 526
381 522
381 524
381 525
381 526
382 520
382 521
382 522
382 523
382 525
382 526
383 520
383 521
383 522
383 523
383 524
383 526
384 520
384 521
384 523
384 524
384 526
385 520
385 521
385 522
385 523
385 524
385 525
386 520
386 521
386 523
386 524
386 525
387 520
387 521
387 523
387 524
388 519
388 520
388 522
388 523
388 524
389 519
389 520
389 522
389 524
390 519
390 520
390 522
390 523
390 524
391 519
391 520
391 521
391 522
391 523
391 524
392 519
392 521
392 522
392 523
392 524
393 518
393 520
393 521
393 523
393 524
394 518
394 519
394 520
394 521
394 522
394 523
394 524
395 518
395 519
395 520
395 522
395 523
396 518
396 519
396 520
396 521
396 522
396 523
397 518
397 519
397 520
397 521
397 522
397 523
398 518
398 519
398 522
398 523
399 517
399 518
399 519
399 520
399 521
399 523
