207 442
208 442
209 442
216 441
217 441
218 152
218 441
219 150
219 151
220 148
220 149
220 150
220 151
221 147
221 148
221 149
221 150
221 151
222 145
222 146
222 147
222 148
222 149
222 150
223 144
223 145
223 146
223 147
223 148
223 149
223 150
224 144
224 145
224 146
224 147
224 148
224 149
224 440
225 143
225 144
225 145
225 146
225 147
225 148
225 149
225 440
226 143
226 144
226 145
226 146
226 147
226 148
226 440
227 142
227 143
227 144
227 145
227 146
227 147
227 148
228 142
228 143
228 144
228 145
228 146
228 147
228 148
229 141
229 142
229 143
229 144
229 145
229 146
229 147
230 141
230 142
230 143
230 144
230 145
230 146
230 147
231 141
231 142
231 143
231 144
231 145
231 146
232 140
232 141
232 142
232 143
232 144
232 145
232 146
232 439
233 140
233 141
233 142
233 143
233 144
233 145
233 439
234 139
234 140
234 141
234 142
234 143
234 144
234 145
235 139
235 140
235 141
235 142
235 143
235 144
236 138
236 139
236 140
236 141
236 142
236 143
236 144
237 138
237 139
237 140
237 141
237 142
237 143
238 138
238 139
238 140
238 141
238 142
238 143
239 137
239 138
239 139
239 140
239 141
239 142
239 143
239 438
240 137
240 138
240 139
240 140
240 141
240 142
240 438
241 136
241 137
241 138
241 139
241 140
241 141
241 142
242 136
242 137
242 138
242 139
242 140
242 141
243 135
243 136
243 137
243 138
243 139
243 140
243 141
244 135
244 136
244 137
244 138
244 139
244 140
245 134
245 135
245 136
245 137
245 138
245 139
245 140
246 134
246 135
246 136
246 137
246 138
246 139
246 437
247 133
247 134
247 135
247 136
247 137
247 138
247 139
247 437
248 133
248 134
248 135
248 136
248 137
248 138
249 132
249 133
249 134
249 135
249 136
249 137
253 436
254 436
254 441
259 435
260 435
260 440
261 440
265 434
265 439
266 434
266 439
267 439
271 433
271 438
272 433
272 438
273 438
276 437
277 432
277 437
278 432
278 437
279 437
282 436
283 431
283 436
284 436
287 435
288 430
288 435
289 430
289 435
290 435
292 434
293 429
293 434
294 429
294 434
295 434
297 433
298 433
299 428
299 433
300 433
301 433
302 432
303 432
304 427
304 432
305 432
306 432
307 431
308 426
308 431
309 426
309 431
310 431
311 430
311 431
312 430
313 425
313 430
314 425
314 430
315 430
316 429
316 430
317 429
317 528
317 529
318 424
318 429
318 528
318 529
319 429
319 528
319 529
319 530
320 429
320 528
320 529
320 530
321 428
321 429
321 528
321 529
321 530
322 428
322 527
322 528
322 529
322 530
323 423
323 428
323 527
323 528
323 529
324 428
324 527
324 528
324 529
325 427
325 428
325 527
325 528
325 529
326 427
326 428
326 527
326 528
326 529
327 422
327 427
327 527
327 528
328 422
328 427
328 526
328 527
328 528
329 427
329 526
329 527
329 528
330 426
330 427
330 526
330 527
330 528
331 421
331 426
331 526
331 527
331 528
332 421
332 426
332 526
332 527
333 426
333 526
333 527
334 425
334 426
334 526
334 527
335 425
335 426
335 525
335 526
335 527
336 420
336 425
336 525
336 526
337 425
337 525
337 526
338 424
338 425
338 525
338 526
339 424
339 425
339 525
339 526
340 419
340 424
340 425
340 525
341 419
341 424
341 525
342 424
342 525
343 423
343 424
343 524
343 525
344 418
344 423
344 424
344 524
344 525
345 418
345 423
345 524
346 423
346 524
347 422
347 423
347 524
348 422
348 423
348 524
349 417
349 422
349 423
349 524
350 422
351 421
351 422
352 421
352 422
353 416
353 421
353 422
353 523
354 421
354 523
355 420
355 421
356 420
356 421
357 415
357 420
357 421
358 420
359 419
359 420
360 419
360 420
361 414
361 419
361 420
362 419
362 420
363 418
363 419
364 418
364 419
365 413
365 418
365 419
366 418
366 419
367 417
367 418
368 417
368 418
369 412
369 417
369 418
370 417
370 418
371 416
371 417
372 411
372 416
372 417
373 411
373 416
373 417
374 416
374 417
375 415
375 416
376 410
376 415
376 416
377 410
377 415
377 416
378 415
378 416
379 414
379 415
380 409
380 414
380 415
381 409
381 414
381 415
382 414
382 415
383 413
383 414
384 408
384 413
384 414
385 413
385 414
386 413
386 414
387 407
387 412
387 413
388 407
388 412
388 413
389 412
389 413
390 412
390 413
391 406
391 411
391 412
391 413
392 406
392 411
392 412
393 411
393 412
394 405
394 411
394 412
395 405
395 410
395 411
395 412
396 410
396 411
397 410
397 411
398 404
398 410
398 411
399 404
399 409
399 410
399 411
400 409
400 410
401 409
401 410
402 403
402 409
402 410
403 403
403 408
403 409
403 410
404 408
404 409
405 402
405 408
405 409
406 402
406 407
406 408
406 409
407 407
407 408
407 409
408 401
408 407
408 408
409 401
409 407
409 408
410 401
410 406
410 407
410 408
411 406
411 407
411 408
412 400
412 406
412 407
413 400
413 406
413 407
414 405
414 406
414 407
415 399
415 405
415 406
415 407
416 399
416 405
416 406
417 405
417 406
418 404
418 405
418 406
419 398
419 404
419 405
419 406
420 398
420 404
420 405
421 404
421 405
422 397
422 403
422 404
422 405
423 397
423 403
423 404
423 405
424 403
424 404
425 396
425 402
425 403
425 404
426 396
426 402
426 403
426 404
427 402
427 403
427 404
428 395
428 402
428 403
429 395
429 401
429 402
429 403
430 395
430 401
430 402
430 403
431 401
431 402
431 403
432 394
432 401
432 402
433 394
433 400
433 401
433 402
434 400
434 401
434 402
435 393
435 400
435 401
435 402
436 393
436 400
436 401
437 399
437 400
437 401
438 392
438 399
438 400
438 401
439 392
439 399
439 400
439 401
440 399
440 400
441 391
441 398
441 399
441 400
442 391
442 398
442 399
442 400
443 398
443 399
443 400
444 390
444 397
444 398
444 399
445 390
445 397
445 398
445 399
446 397
446 398
446 399
447 389
447 397
447 398
447 399
448 389
448 396
448 397
448 398
449 389
449 396
449 397
449 398
450 388
450 396
450 397
450 398
451 388
451 396
451 397
451 398
452 388
452 395
452 396
452 397
452 398
453 387
453 395
453 396
453 397
454 387
454 395
454 396
454 397
455 387
455 395
455 396
455 397
456 386
456 394
456 395
456 396
456 397
457 386
457 394
457 395
457 396
458 386
458 394
458 395
458 396
459 385
459 394
459 395
459 396
460 385
460 393
460 394
460 395
460 396
461 385
461 393
461 394
461 395
462 384
462 393
462 394
462 395
463 384
463 393
463 394
463 395
464 384
464 392
464 393
464 394
464 395
465 383
465 392
465 393
465 394
466 383
466 392
466 393
466 394
467 383
467 392
467 393
467 394
468 382
468 391
468 392
468 393
468 394
469 382
469 391
469 392
469 393
470 391
470 392
470 393
471 381
471 390
471 391
471 392
471 393
472 381
472 390
472 391
472 392
472 393
473 390
473 391
473 392
473 393
474 380
474 390
474 391
474 392
475 380
475 389
475 390
475 391
475 392
476 389
476 390
476 391
476 392
477 379
477 389
477 390
477 391
477 392
478 379
478 389
478 390
478 391
479 378
479 388
479 389
479 390
479 391
480 378
480 388
480 389
480 390
480 391
481 378
481 388
481 389
481 390
481 391
482 377
482 388
482 389
482 390
482 391
483 377
483 387
483 388
483 389
483 390
484 377
484 387
484 388
484 389
484 390
485 376
485 387
485 388
485 389
485 390
486 376
486 387
486 388
486 389
486 390
487 386
487 387
487 388
487 389
488 375
488 386
488 387
488 388
488 389
489 375
489 386
489 387
489 388
489 389
490 374
490 386
490 387
490 388
490 389
491 374
491 386
491 387
491 388
491 389
492 374
492 385
492 386
492 387
492 388
493 373
493 385
493 386
493 387
493 388
494 373
494 385
494 386
494 387
494 388
495 373
495 385
495 386
495 387
495 388
496 372
496 384
496 385
496 386
496 387
497 372
497 384
497 385
497 386
497 387
498 371
498 384
498 385
498 386
498 387
499 371
499 384
499 385
499 386
499 387
500 371
500 383
500 384
500 385
500 386
500 387
501 370
501 383
501 384
501 385
501 386
502 370
502 383
502 384
502 385
502 386
503 370
503 383
503 384
503 385
503 386
504 369
504 382
504 383
504 384
504 385
504 386
505 369
505 382
505 383
505 384
505 385
505 386
506 368
506 382
506 383
506 384
506 385
507 368
507 382
507 383
507 384
507 385
508 368
508 381
508 382
508 383
508 384
508 385
509 367
509 381
509 382
509 383
509 384
509 385
510 367
510 381
510 382
510 383
510 384
510 385
511 366
511 381
511 382
511 383
511 384
512 366
512 381
512 382
512 383
512 384
513 366
513 380
513 381
513 382
513 383
513 384
514 365
514 380
514 381
514 382
514 383
514 384
515 365
515 380
515 381
515 382
515 383
515 384
516 365
516 380
516 381
516 382
516 383
517 364
517 379
517 380
517 381
517 382
517 383
518 364
518 379
518 380
518 381
518 382
518 383
519 363
519 379
519 380
519 381
519 382
519 383
520 363
520 379
520 380
520 381
520 382
520 383
521 363
521 378
521 379
521 380
521 381
521 382
522 362
522 378
522 379
522 380
522 381
522 382
523 362
523 378
523 379
523 380
523 381
523 382
524 361
524 378
524 379
524 380
524 381
524 382
525 361
525 378
525 379
525 380
525 381
525 382
526 361
526 377
526 378
526 379
526 380
526 381
527 360
527 377
527 378
527 379
527 380
527 381
528 360
528 377
528 378
528 379
528 380
528 381
529 359
529 377
529 378
529 379
529 380
529 381
530 359
530 376
530 377
530 378
530 379
530 380
530 381
531 358
531 359
531 376
531 377
531 378
531 379
531 380
532 358
532 376
532 377
532 378
532 379
532 380
533 358
533 376
533 377
533 378
533 379
533 380
534 357
534 376
534 377
534 378
534 379
534 380
535 357
535 375
535 376
535 377
535 378
535 379
535 380
536 356
536 357
536 375
536 376
536 377
536 378
536 379
537 356
537 375
537 376
537 377
537 378
537 379
538 356
538 375
538 376
538 377
538 378
538 379
539 355
539 374
539 375
539 376
539 377
539 378
539 379
540 355
540 374
540 375
540 376
540 377
540 378
540 379
541 354
541 374
541 375
541 376
541 377
541 378
542 354
542 374
542 375
542 376
542 377
542 378
543 353
543 354
543 374
543 375
543 376
543 377
543 378
544 353
544 373
544 374
544 375
544 376
544 377
544 378
545 353
545 373
545 374
545 375
545 376
545 377
545 378
546 352
546 373
546 374
546 375
546 376
546 377
546 378
547 352
547 373
547 374
547 375
547 376
547 377
548 351
548 352
548 373
548 374
548 375
548 376
548 377
549 351
549 372
549 373
549 374
549 375
549 376
549 377
550 350
550 351
550 372
550 373
550 374
550 375
550 376
550 377
551 350
551 372
551 373
551 374
551 375
551 376
551 377
552 350
552 372
552 373
552 374
552 375
552 376
553 349
553 372
553 373
553 374
553 375
553 376
554 349
554 371
554 372
554 373
554 374
554 375
554 376
555 348
555 349
555 371
555 372
555 373
555 374
555 375
555 376
556 348
556 371
556 372
556 373
556 374
556 375
556 376
557 347
557 348
557 371
557 372
557 373
557 374
557 375
557 376
558 347
558 371
558 372
558 373
558 374
558 375
559 347
559 370
559 371
559 372
559 373
559 374
559 375
560 346
560 370
560 371
560 372
560 373
560 374
560 375
561 346
561 370
561 371
561 372
561 373
561 374
561 375
562 345
562 370
562 371
562 372
562 373
562 374
562 375
563 345
563 370
563 371
563 372
563 373
563 374
563 375
564 344
564 345
564 369
564 370
564 371
564 372
564 373
564 374
565 344
565 369
565 370
565 371
565 372
565 373
565 374
566 343
566 344
566 369
566 370
566 371
566 372
566 373
566 374
567 343
567 369
567 370
567 371
567 372
567 373
567 374
568 343
568 369
568 370
568 371
568 372
568 373
568 374
569 342
569 368
569 369
569 370
569 371
569 372
569 373
569 374
570 342
570 368
570 369
570 370
570 371
570 372
570 373
571 341
571 342
571 368
571 369
571 370
571 371
571 372
571 373
572 341
572 368
572 369
572 370
572 371
572 372
572 373
573 340
573 341
573 368
573 369
573 370
573 371
573 372
573 373
574 340
574 367
574 368
574 369
574 370
574 371
574 372
574 373
575 339
575 340
575 367
575 368
575 369
575 370
575 371
575 372
575 373
576 339
576 367
576 368
576 369
576 370
576 371
576 372
577 338
577 339
577 367
577 368
577 369
577 370
577 371
577 372
578 338
578 367
578 368
578 369
578 370
578 371
578 372
579 338
579 366
579 367
579 368
579 369
579 370
579 371
579 372
580 337
580 366
580 367
580 368
580 369
580 370
580 371
580 372
581 337
581 366
581 367
581 368
581 369
581 370
581 371
581 372
582 336
582 337
582 366
582 367
582 368
582 369
582 370
582 371
583 336
583 366
583 367
583 368
583 369
583 370
583 371
584 335
584 336
584 366
584 367
584 368
584 369
584 370
584 371
585 335
585 365
585 366
585 367
585 368
585 369
585 370
585 371
586 334
586 335
586 365
586 366
586 367
586 368
586 369
586 370
586 371
587 334
587 365
587 366
587 367
587 368
587 369
587 370
587 371
588 333
588 334
588 365
588 366
588 367
588 368
588 369
588 370
589 333
589 365
589 366
589 367
589 368
589 369
589 370
590 332
590 333
590 364
590 365
590 366
590 367
590 368
590 369
590 370
591 332
591 364
591 365
591 366
591 367
591 368
591 369
591 370
592 331
592 332
592 364
592 365
592 366
592 367
592 368
592 369
592 370
593 331
593 364
593 365
593 366
593 367
593 368
593 369
593 370
594 330
594 331
594 364
594 365
594 366
594 367
594 368
594 369
594 370
595 330
595 364
595 365
595 366
595 367
595 368
595 369
596 329
596 330
596 363
596 364
596 365
596 366
596 367
596 368
596 369
597 329
597 330
597 363
597 364
597 365
597 366
597 367
597 368
597 369
598 328
598 329
598 363
598 364
598 365
598 366
598 367
598 368
598 369
599 328
599 329
599 363
599 364
599 365
599 366
599 367
599 368
599 369
600 327
600 328
600 363
600 364
600 365
600 366
600 367
600 368
600 369
601 327
601 328
601 362
601 363
601 364
601 365
601 366
601 367
601 368
602 327
602 362
602 363
602 364
602 365
602 366
602 367
602 368
603 326
603 327
603 362
603 363
603 364
603 365
603 366
603 367
603 368
604 326
604 362
604 363
604 364
604 365
604 366
604 367
604 368
605 325
605 326
605 362
605 363
605 364
605 365
605 366
605 367
605 368
606 325
606 362
606 363
606 364
606 365
606 366
606 367
606 368
607 325
607 361
607 362
607 363
607 364
607 365
607 366
607 367
607 368
608 324
608 361
608 362
608 363
608 364
608 365
608 366
608 367
609 324
609 361
609 362
609 363
609 364
609 365
609 366
609 367
610 361
610 362
610 363
610 364
610 365
610 366
610 367
611 361
611 362
611 363
611 364
611 365
611 366
611 367
612 361
612 362
612 363
612 364
612 365
612 366
612 367
613 360
613 361
613 362
613 363
613 364
613 365
613 366
613 367
614 360
614 361
614 362
614 363
614 364
614 365
614 366
614 367
615 360
615 361
615 362
615 363
615 364
615 365
615 366
616 360
616 361
616 362
616 363
616 364
616 365
616 366
617 360
617 361
617 362
617 363
617 364
617 365
617 366
618 360
618 361
618 362
618 363
618 364
618 365
618 366
619 359
619 360
619 361
619 362
619 363
619 364
619 365
619 366
620 359
620 360
620 361
620 362
620 363
620 364
620 365
620 366
621 359
621 360
621 361
621 362
621 363
621 364
621 365
621 366
622 359
622 360
622 361
622 362
622 363
622 364
622 365
623 359
623 360
623 361
623 362
623 363
623 364
623 365
624 359
624 360
624 361
624 362
624 363
624 364
624 365
625 359
625 360
625 361
625 362
625 363
625 364
625 365
626 358
626 359
626 360
626 361
626 362
626 363
626 364
626 365
627 358
627 359
627 360
627 361
627 362
627 363
627 364
627 365
628 358
628 359
628 360
628 361
628 362
628 363
628 364
628 365
629 358
629 359
629 360
629 361
629 362
629 363
629 364
629 365
630 358
630 359
630 360
630 361
630 362
630 363
630 364
631 358
631 359
631 360
631 361
631 362
631 363
631 364
632 357
632 358
632 359
632 360
632 361
632 362
632 363
632 364
633 357
633 358
633 359
633 360
633 361
633 362
633 363
633 364
634 357
634 358
634 359
634 360
634 361
634 362
634 363
634 364
635 357
635 358
635 359
635 360
635 361
635 362
635 363
635 364
636 357
636 358
636 359
636 360
636 361
636 362
636 363
636 364
637 357
637 358
637 359
637 360
637 361
637 362
637 363
638 357
638 358
638 359
638 360
638 361
638 362
638 363
639 356
639 357
639 358
639 359
639 360
639 361
639 362
639 363
640 356
640 357
640 358
640 359
640 360
640 361
640 362
640 363
641 356
641 357
641 358
641 359
641 360
641 361
641 362
641 363
642 356
642 357
642 358
642 359
642 360
642 361
642 362
642 363
643 356
643 357
643 358
643 359
643 360
643 361
643 362
643 363
644 356
644 357
644 358
644 359
644 360
644 361
644 362
644 363
645 355
645 356
645 357
645 358
645 359
645 360
645 361
645 362
646 355
646 356
646 357
646 358
646 359
646 360
646 361
646 362
647 355
647 356
647 357
647 358
647 359
647 360
647 361
647 362
648 355
648 356
648 357
648 358
648 359
648 360
648 361
648 362
649 355
649 356
649 357
649 358
649 359
649 360
649 361
649 362
650 355
650 356
650 357
650 358
650 359
650 360
650 361
650 362
651 355
651 356
651 357
651 358
651 359
651 360
651 361
651 362
652 354
652 355
652 356
652 357
652 358
652 359
652 360
652 361
652 362
653 354
653 355
653 356
653 357
653 358
653 359
653 360
653 361
654 354
654 355
654 356
654 357
654 358
654 359
654 360
654 361
655 354
655 355
655 356
655 357
655 358
655 359
655 360
655 361
656 354
656 355
656 356
656 357
656 358
656 359
656 360
656 361
657 354
657 355
657 356
657 357
657 358
657 359
657 360
657 361
658 354
658 355
658 356
658 357
658 358
658 359
658 360
658 361
659 353
659 354
659 355
659 356
659 357
659 358
659 359
659 360
659 361
660 353
660 354
660 355
660 356
660 357
660 358
660 359
660 360
660 361
661 353
661 354
661 355
661 356
661 357
661 358
661 359
661 360
661 361
662 353
662 354
662 355
662 356
662 357
662 358
662 359
662 360
663 353
663 354
663 355
663 356
663 357
663 358
663 359
663 360
664 353
664 354
664 355
664 356
664 357
664 358
664 359
664 360
665 353
665 354
665 355
665 356
665 357
665 358
665 359
665 360
666 353
666 354
666 355
666 356
666 357
666 358
666 359
666 360
667 352
667 353
667 354
667 355
667 356
667 357
667 358
667 359
667 360
668 352
668 353
668 354
668 355
668 356
668 357
668 358
668 359
668 360
669 352
669 353
669 354
669 355
669 356
669 357
669 358
669 359
669 360
670 352
670 353
670 354
670 355
670 356
670 357
670 358
670 359
670 360
671 352
671 353
671 354
671 355
671 356
671 357
671 358
671 359
672 352
672 353
672 354
672 355
672 356
672 357
672 358
672 359
673 352
673 353
673 354
673 355
673 356
673 357
673 358
673 359
674 351
674 352
674 353
674 354
674 355
674 356
674 357
674 358
674 359
675 351
675 352
675 353
675 354
675 355
675 356
675 357
675 358
675 359
676 351
676 352
676 353
676 354
676 355
676 356
676 357
676 358
676 359
677 351
677 352
677 353
677 354
677 355
677 356
677 357
677 358
677 359
678 351
678 352
678 353
678 354
678 355
678 356
678 357
678 358
678 359
679 351
679 352
679 353
679 354
679 355
679 356
679 357
679 358
679 359
680 351
680 352
680 353
680 354
680 355
680 356
680 357
680 358
681 351
681 352
681 353
681 354
681 355
681 356
681 357
681 358
682 350
682 351
682 352
682 353
682 354
682 355
682 356
682 357
682 358
683 350
683 351
683 352
683 353
683 354
683 355
683 356
683 357
683 358
684 350
684 351
684 352
684 353
684 354
684 355
684 356
684 357
684 358
685 350
685 351
685 352
685 353
685 354
685 355
