-93 177
-92 179
-92 183
-91 181
-90 182
-90 183
-88 186
-9 26
-8 27
-5 31
-5 32
-3 35
0 39
1 40
2 42
6 48
7 49
7 50
8 50
9 52
10 53
10 54
11 55
12 56
13 58
15 60
16 62
17 63
18 64
19 65
20 66
20 67
21 68
22 69
23 70
23 71
24 71
24 72
24 81
25 73
26 74
27 75
27 76
28 76
28 77
29 77
29 78
29 87
30 79
31 80
32 81
33 82
33 83
34 83
34 84
34 93
35 85
36 86
37 87
38 88
39 89
40 90
40 91
41 91
41 92
42 92
42 93
43 93
43 94
44 95
45 96
46 97
48 99
50 101
51 102
52 99
52 103
52 113
54 105
55 102
55 106
56 107
56 108
57 108
57 109
58 105
58 109
58 110
59 110
60 111
61 112
62 113
63 114
64 115
65 116
66 117
67 118
68 119
69 119
69 120
70 120
70 121
71 118
71 121
71 122
72 119
72 122
72 123
73 120
73 123
73 124
74 121
74 124
74 125
75 122
75 125
75 126
76 123
76 126
77 124
77 127
78 125
78 127
78 128
78 139
79 126
79 128
79 129
79 140
80 127
80 129
80 130
81 128
81 130
81 131
82 129
82 131
82 132
82 142
83 129
83 130
83 132
83 133
83 143
84 132
84 133
85 131
85 134
86 132
86 134
86 135
87 133
87 135
87 136
88 134
88 136
89 135
89 136
89 138
90 135
90 137
90 138
90 150
91 136
91 137
91 138
91 139
92 137
92 139
92 140
92 151
93 138
93 139
93 140
94 139
94 140
94 141
94 142
95 139
95 140
95 141
96 140
96 141
96 142
96 143
97 141
97 142
97 143
97 144
98 142
98 143
98 144
98 145
98 157
99 143
99 144
99 145
99 146
99 157
100 143
100 144
100 145
100 146
101 144
101 145
101 146
101 147
102 145
102 146
102 147
102 148
103 146
103 147
103 148
103 149
104 146
104 147
104 148
105 148
105 149
105 150
105 162
106 148
106 149
106 150
106 151
106 184
107 149
107 150
107 151
107 152
108 149
108 150
108 151
108 152
109 150
109 152
109 153
110 151
110 152
110 153
110 154
110 166
110 167
111 151
111 152
111 153
111 154
111 167
112 152
112 153
112 154
112 155
113 153
113 156
114 153
114 154
114 155
114 156
114 157
115 154
115 155
115 157
115 170
115 171
116 155
116 156
116 157
116 158
117 155
117 156
117 157
117 159
118 156
118 157
118 158
118 159
119 157
119 158
119 159
119 160
120 157
120 158
120 159
120 160
120 161
120 174
120 175
121 158
121 159
121 160
121 161
122 159
122 160
122 161
122 162
123 159
123 160
123 161
123 162
123 163
124 160
124 161
124 162
124 163
124 178
125 161
125 162
125 163
125 164
126 161
126 162
126 164
126 165
127 162
127 163
127 164
127 165
127 206
128 163
128 164
128 165
128 166
128 180
128 181
129 163
129 164
129 165
129 166
130 163
130 164
130 165
130 166
130 167
131 164
131 165
131 166
131 167
131 168
131 182
132 165
132 166
132 167
132 168
133 165
133 166
133 167
133 168
133 169
134 166
134 167
134 168
134 169
135 166
135 167
135 168
135 169
135 170
135 185
135 186
136 167
136 168
136 169
136 171
137 167
137 168
137 169
137 170
137 171
138 168
138 169
138 170
138 171
138 172
138 187
139 168
139 169
139 170
139 171
139 172
140 169
140 170
140 171
140 172
140 173
141 170
141 171
141 172
141 173
141 174
141 189
142 170
142 171
142 172
142 173
142 191
143 171
143 172
143 173
143 175
144 172
144 173
144 174
144 175
144 191
145 172
145 173
145 174
145 175
145 176
145 193
146 172
146 173
146 174
146 175
146 176
147 173
147 174
147 175
147 176
147 177
147 193
148 -47
148 173
148 175
148 176
148 177
148 195
149 -47
149 173
149 174
149 175
149 176
149 177
149 178
150 -47
150 174
150 176
150 177
150 178
150 195
151 -47
151 174
151 176
151 177
151 178
151 179
152 -47
152 175
152 176
152 177
152 178
152 179
153 -47
153 -46
153 175
153 176
153 177
153 178
153 179
153 180
154 -47
154 -46
154 176
154 177
154 178
154 179
154 180
154 181
155 -47
155 -46
155 177
155 178
155 179
155 180
155 181
156 -47
156 177
156 178
156 179
156 180
156 181
156 182
156 200
157 -47
157 -46
157 178
157 179
157 180
157 181
157 182
158 -47
158 -46
158 177
158 178
158 179
158 180
158 181
158 182
158 183
158 200
159 -47
159 -46
159 -45
159 179
159 180
159 181
159 182
159 183
159 202
160 -47
160 -46
160 -45
160 178
160 179
160 180
160 181
160 182
160 183
160 184
161 -47
161 -46
161 179
161 180
161 181
161 182
161 183
161 184
161 203
161 247
162 -47
162 -46
162 -45
162 179
162 180
162 181
162 183
162 184
163 -47
163 -46
163 -45
163 -44
163 180
163 181
163 182
163 183
163 184
163 185
163 203
164 -47
164 -45
164 -44
164 180
164 181
164 182
164 184
164 185
164 205
165 -47
165 -46
165 -45
165 -44
165 181
165 182
165 183
165 184
165 185
165 186
166 -47
166 -46
166 -45
166 -44
166 181
166 182
166 184
166 185
166 186
166 206
167 -47
167 -46
167 -45
167 -44
167 181
167 182
167 184
167 185
167 187
168 -47
168 -46
168 -45
168 -44
168 181
168 182
168 183
168 185
168 186
168 187
169 -47
169 -46
169 -45
169 -44
169 -43
169 182
169 183
169 185
169 186
169 187
169 188
170 -47
170 -46
170 -45
170 -44
170 -43
170 182
170 183
170 186
170 187
170 188
170 260
171 -47
171 -46
171 -45
171 -44
171 -43
171 182
171 183
171 186
171 187
171 188
171 209
172 -47
172 -46
172 -45
172 -43
172 183
172 184
172 187
172 188
172 189
173 -47
173 -46
173 -45
173 -44
173 -43
173 183
173 184
173 187
173 188
173 189
173 210
174 -47
174 -46
174 -45
174 -44
174 184
174 187
174 188
174 189
174 190
175 -47
175 -45
175 -44
175 -43
175 -42
175 184
175 185
175 188
175 189
176 -47
176 -46
176 -45
176 -44
176 -42
176 184
176 185
176 188
176 190
176 191
177 -47
177 -46
177 -45
177 -44
177 -43
177 -42
177 185
177 189
177 190
177 191
178 -47
178 -46
178 -45
178 -44
178 -43
178 -42
178 185
178 186
178 189
178 190
178 191
178 192
179 -47
179 -46
179 -45
179 -44
179 -43
179 -42
179 185
179 186
179 190
179 191
179 192
180 -47
180 -46
180 -45
180 -44
180 -43
180 -42
180 185
180 186
180 190
180 191
180 192
180 214
181 -47
181 -46
181 -45
181 -44
181 -43
181 -42
181 186
181 190
181 191
181 192
181 193
182 -46
182 -45
182 -44
182 -43
182 -42
182 -41
182 186
182 187
182 191
182 192
182 193
182 215
183 -46
183 -45
183 -44
183 -43
183 -42
183 186
183 187
183 191
183 192
183 193
183 194
184 -46
184 -45
184 -44
184 -43
184 -42
184 -41
184 187
184 192
184 193
184 194
184 216
185 -46
185 -44
185 -43
185 -42
185 -41
185 187
185 188
185 192
185 193
186 -46
186 -45
186 -44
186 -43
186 -42
186 -41
186 187
186 192
186 193
186 194
186 195
187 -46
187 -45
187 -44
187 -43
187 -42
187 -41
187 187
187 188
187 194
187 195
188 -46
188 -45
188 -44
188 -43
188 -42
188 -41
188 188
188 193
188 194
188 195
188 196
188 218
189 -45
189 -44
189 -43
189 -42
189 -41
189 -40
189 188
189 189
189 194
189 195
189 196
190 -44
190 -43
190 -42
190 -41
190 -40
190 188
190 189
190 194
190 196
190 219
191 -44
191 -43
191 -42
191 -41
191 -40
191 189
191 194
191 195
191 196
191 197
192 -44
192 -43
192 -42
192 -41
192 -40
192 189
192 195
192 196
192 220
193 -45
193 -44
193 -42
193 -41
193 -40
193 189
193 190
193 196
193 197
194 -45
194 -44
194 -43
194 -42
194 -41
194 -40
194 189
194 190
194 195
194 196
194 197
194 198
195 -45
195 -44
195 -43
195 -42
195 -41
195 -40
195 189
195 190
195 196
195 197
195 198
196 -45
196 -44
196 -43
196 -42
196 -41
196 -40
196 190
196 196
196 197
196 198
196 199
196 222
197 -44
197 -43
197 -42
197 -41
197 -40
197 190
197 196
197 197
197 198
197 199
198 -44
198 -43
198 -42
198 -41
198 -40
198 -39
198 190
198 191
198 197
198 198
198 199
199 -44
199 -43
199 -42
199 -41
199 -40
199 -39
199 190
199 191
199 197
199 198
199 199
199 200
200 -44
200 -43
200 -42
200 -41
200 -40
200 -39
200 191
200 198
200 199
200 200
201 -44
201 -43
201 -42
201 -41
201 -40
201 -39
201 191
201 198
201 199
201 200
202 -44
202 -43
202 -42
202 -41
202 -40
202 192
202 199
202 200
202 201
203 -43
203 -42
203 -41
203 -40
203 -39
203 192
203 199
203 200
203 201
204 -44
204 -43
204 -42
204 -41
204 -39
204 191
204 199
204 200
204 201
205 -44
205 -43
205 -42
205 -41
205 -40
205 -39
205 199
205 200
205 202
205 226
206 -43
206 -42
206 -41
206 -40
206 -39
206 -38
206 199
206 200
206 201
206 202
207 -43
207 -42
207 -41
207 -40
207 -39
207 -38
207 192
207 200
207 201
207 202
207 227
208 -43
208 -42
208 -41
208 -40
208 -38
208 192
208 193
208 200
208 201
208 202
208 203
209 -43
209 -42
209 -41
209 -40
209 -39
209 -38
209 193
209 200
209 201
209 202
209 203
209 228
210 -43
210 -42
210 -41
210 -40
210 -39
210 -38
210 192
210 201
210 202
210 203
211 -43
211 -42
211 -41
211 -40
211 -39
211 -38
211 193
211 201
211 202
211 203
211 204
212 -43
212 -42
212 -41
212 -40
212 -38
212 193
212 201
212 202
212 203
212 204
212 229
213 -43
213 -42
213 -41
213 -40
213 -38
213 202
213 203
213 204
214 -43
214 -42
214 -41
214 -40
214 -39
214 193
214 194
214 202
214 203
214 205
214 230
215 -43
215 -42
215 -41
215 -40
215 -39
215 -38
215 -37
215 193
215 202
215 203
215 204
216 -42
216 -40
216 -39
216 -38
216 -37
216 193
216 203
216 204
216 205
217 -42
217 -41
217 -40
217 -39
217 -38
217 -37
217 194
217 203
217 204
217 205
217 206
217 231
218 -42
218 -41
218 -40
218 -39
218 -38
218 -37
218 194
218 203
218 204
218 205
218 206
219 -42
219 -41
219 -40
219 -39
219 -38
219 -37
219 194
219 203
219 204
219 205
219 206
219 232
220 -42
220 -41
220 -40
220 -39
220 -37
220 194
220 204
220 205
220 206
221 -42
221 -41
221 -40
221 -39
221 -38
221 -37
221 204
221 205
221 206
221 207
222 -42
222 -41
222 -40
222 -39
222 -37
222 195
222 204
222 205
222 206
222 207
222 233
223 -42
223 -41
223 -40
223 -39
223 -38
223 -37
223 205
223 206
223 207
224 -42
224 -41
224 -40
224 -39
224 -38
224 -37
224 195
224 205
224 206
224 207
224 208
224 234
225 -42
225 -41
225 -40
225 -39
225 -38
225 -37
225 195
225 205
225 206
225 207
225 208
226 -42
226 -41
226 -40
226 -39
226 -37
226 206
226 207
226 208
227 -42
227 -41
227 -40
227 -39
227 -38
227 -37
227 -36
227 206
227 207
227 208
227 235
228 -41
228 -40
228 -39
228 -38
228 -37
228 -36
228 206
228 207
228 208
228 209
229 -41
229 -40
229 -39
229 -38
229 -37
229 -36
229 195
229 206
229 207
229 208
229 209
230 -41
230 -40
230 -39
230 -38
230 -37
230 -36
230 206
230 207
230 208
231 -41
231 -40
231 -39
231 -37
231 -36
231 207
231 208
231 209
231 210
232 -41
232 -40
232 -39
232 -38
232 -37
232 -36
232 207
232 208
232 210
232 237
233 -41
233 -40
233 -39
233 -38
233 -37
233 -36
233 195
233 207
233 208
233 209
233 210
234 -41
234 -40
234 -39
234 -37
234 -36
234 195
234 207
234 208
234 209
234 210
235 -41
235 -40
235 -39
235 -37
235 -36
235 195
235 208
235 210
235 211
236 -41
236 -40
236 -39
236 -36
236 195
236 196
236 208
236 209
236 210
236 211
237 -41
237 -40
237 -39
237 -38
237 -37
237 -36
237 195
237 196
237 208
237 209
237 210
237 211
238 -41
238 -40
238 -39
238 -38
238 -37
238 -36
238 195
238 196
238 208
238 209
238 210
238 211
239 -41
239 -40
239 -39
239 -38
239 -37
239 -36
239 195
239 196
239 209
239 210
239 211
239 212
240 -41
240 -40
240 -39
240 -38
240 -37
240 -36
240 -35
240 195
240 210
240 211
240 212
241 -41
241 -40
241 -39
241 -38
241 -37
241 -36
241 -35
241 209
241 210
241 211
241 212
242 -41
242 -40
242 -39
242 -38
242 -36
242 -35
242 209
242 211
242 212
243 -40
243 -39
243 -38
243 -36
243 -35
243 210
243 211
243 212
243 213
244 -39
244 -38
244 -37
244 -35
244 210
244 211
244 212
244 213
245 -40
245 -39
245 -37
245 -36
245 -35
245 196
245 210
245 211
245 212
245 213
246 -40
246 -37
246 -36
246 -35
246 210
246 211
246 212
247 -39
247 -38
247 -37
247 -36
247 -35
247 211
247 212
247 213
247 214
248 -40
248 -39
248 -38
248 -37
248 -36
248 -35
248 196
248 211
248 212
248 213
248 214
249 -40
249 -39
249 -38
249 -37
249 -36
249 -35
249 196
249 211
249 212
249 213
249 214
250 -40
250 -39
250 -38
250 -37
250 -36
250 -35
250 211
250 212
250 213
250 214
251 -40
251 -39
251 -38
251 -37
251 -36
251 -35
251 196
251 211
251 212
251 213
251 214
251 215
252 -40
252 -38
252 -37
252 -36
252 -35
252 212
252 213
252 214
252 215
253 -40
253 -39
253 -37
253 -36
253 -35
253 212
253 213
253 214
253 215
254 -40
254 -39
254 -38
254 -36
254 -35
254 212
254 213
254 214
254 215
255 -40
255 -39
255 -37
255 -36
255 -35
255 212
255 213
255 214
255 215
255 216
256 -39
256 -38
256 -37
256 -36
256 -35
256 212
256 213
256 214
256 216
257 -40
257 -39
257 -38
257 -37
257 -35
257 213
257 214
257 215
257 216
258 -39
258 -38
258 -36
258 213
258 214
258 216
259 -40
259 -39
259 -38
259 -37
259 -36
259 -35
259 213
259 214
259 215
259 216
260 -40
260 -39
260 -38
260 -37
260 -36
260 213
260 214
260 215
260 216
260 217
261 -39
261 -37
261 -36
261 213
261 214
261 215
261 216
261 217
262 -40
262 -39
262 -38
262 -37
262 214
262 215
262 216
262 217
263 -39
263 -38
263 214
263 215
263 216
263 217
264 -39
264 -38
264 214
264 215
264 216
264 217
265 -39
265 -38
265 215
265 216
265 217
265 218
266 -39
266 -38
266 214
266 215
266 216
266 217
267 -39
267 215
267 216
267 217
267 218
268 -39
268 215
268 216
268 217
268 218
269 215
269 216
269 217
269 218
270 215
270 216
270 217
270 218
270 219
271 215
271 216
271 217
271 218
271 219
272 216
272 217
272 218
272 219
273 216
273 217
273 219
274 216
274 218
274 219
275 216
275 218
275 219
275 220
276 216
276 217
276 218
276 219
277 216
277 217
277 218
277 219
277 220
278 217
278 218
278 219
278 220
279 217
279 218
279 219
279 220
280 217
280 218
280 219
280 220
281 217
281 218
281 219
281 220
282 217
282 218
282 219
282 220
282 221
283 217
283 218
283 219
283 220
283 221
284 218
284 219
284 220
284 221
285 218
285 219
285 220
285 221
286 218
286 219
286 220
286 221
286 222
287 218
287 219
287 220
287 221
287 222
288 218
288 219
288 220
288 221
288 222
289 218
289 219
289 220
289 221
289 222
290 219
290 220
290 221
290 222
291 219
291 220
291 221
291 222
292 219
292 220
292 221
292 222
292 223
293 220
293 221
293 222
293 223
294 219
294 220
294 221
294 222
294 223
295 219
295 220
295 221
295 222
295 223
296 220
296 221
296 222
296 223
297 220
297 221
297 222
297 223
298 220
298 221
298 222
298 223
298 224
299 220
299 221
299 222
299 223
299 224
300 220
300 221
300 222
300 223
300 224
301 220
301 221
301 222
301 223
301 224
302 220
302 221
302 222
302 223
302 224
303 221
303 223
303 224
304 221
304 222
304 223
304 224
305 221
305 222
305 223
305 224
305 225
306 221
306 222
306 223
306 224
306 225
307 222
307 223
307 224
307 225
308 221
308 222
308 223
308 224
309 222
309 223
309 224
309 225
310 222
310 223
310 224
310 225
311 222
311 223
311 224
311 225
311 226
312 223
312 224
312 226
313 222
313 223
313 224
313 225
313 226
314 223
314 224
314 225
314 226
315 223
315 224
315 225
315 226
316 222
316 223
316 224
316 225
316 226
317 223
317 224
317 225
317 226
318 224
318 225
318 226
318 227
319 223
319 224
319 225
319 226
319 227
320 223
320 225
320 226
320 227
321 223
321 224
321 226
321 227
322 223
322 224
322 225
322 226
322 227
323 224
323 225
323 226
323 227
324 223
324 224
324 225
324 226
324 227
325 224
325 225
325 226
325 227
326 224
326 225
326 226
326 227
326 228
327 224
327 225
327 226
327 227
327 228
328 225
328 226
328 227
328 228
329 224
329 225
329 227
329 228
330 224
330 225
330 226
330 227
330 228
331 224
331 225
331 226
331 227
331 228
332 225
332 226
332 227
332 228
333 225
333 226
333 227
333 228
333 229
334 225
334 226
334 227
334 228
334 229
335 226
335 227
335 228
335 229
336 225
336 226
336 227
336 228
336 229
337 225
337 226
337 227
337 228
337 229
338 226
338 227
338 228
338 229
339 225
339 226
339 227
339 228
339 229
340 225
340 226
340 227
340 228
341 228
341 229
341 230
342 226
342 227
342 228
342 229
342 230
343 226
343 227
343 228
343 229
343 230
344 226
344 228
344 229
344 230
345 226
345 228
345 229
345 230
346 226
346 227
346 228
346 229
346 230
347 227
347 228
347 229
348 226
348 227
348 228
348 229
348 230
349 226
349 227
349 228
349 229
349 230
350 227
350 228
350 229
350 230
350 231
351 228
351 229
351 230
351 231
352 227
352 229
352 230
352 231
353 228
353 229
353 230
353 231
354 227
354 228
354 229
354 230
354 231
355 228
355 229
355 230
355 231
356 227
356 228
356 229
356 230
356 231
357 228
357 229
357 230
357 231
358 227
358 228
358 229
358 230
358 231
359 227
359 228
359 229
359 230
359 231
359 232
360 228
360 229
360 230
360 231
360 232
361 228
361 229
361 230
361 231
361 232
362 228
362 229
362 230
362 231
362 232
363 229
363 230
363 231
363 232
364 228
364 229
364 230
364 231
364 232
365 228
365 229
365 230
365 231
365 232
366 228
366 231
366 232
367 228
367 229
367 230
367 231
367 232
368 229
368 230
368 231
368 233
369 229
369 230
369 231
369 232
369 233
370 229
370 230
370 231
370 232
371 230
371 231
371 232
371 233
372 229
372 230
372 231
372 232
372 233
373 229
373 231
373 232
373 233
374 229
374 230
374 231
374 232
374 233
375 230
375 231
375 232
376 229
376 231
376 232
376 233
377 229
377 230
377 231
377 232
377 233
378 229
378 230
378 231
378 232
378 234
379 229
379 230
379 231
379 232
379 233
379 234
380 229
380 230
380 231
380 233
380 234
381 230
381 231
381 233
381 234
382 230
382 231
382 232
382 233
382 234
383 230
383 231
383 232
383 233
383 234
384 230
384 231
384 232
384 233
385 231
385 232
385 234
386 230
386 231
386 232
386 233
386 234
387 230
387 231
387 233
387 234
388 231
388 232
388 233
388 235
389 230
389 232
389 233
389 234
390 230
390 231
390 232
390 233
390 234
390 235
391 230
391 231
391 233
391 234
392 230
392 231
392 233
392 234
393 231
393 232
393 233
393 235
394 231
394 232
394 233
394 235
395 231
395 232
395 234
395 235
396 231
396 232
396 233
396 235
397 231
397 232
397 233
397 234
397 235
398 232
398 233
398 235
399 231
399 232
399 233
399 234
399 235
399 236
400 231
400 232
400 234
400 235
401 232
401 233
401 236
402 231
402 232
402 234
402 235
402 236
403 231
403 234
403 235
404 232
404 233
404 235
404 236
405 233
405 234
406 232
406 233
406 234
406 235
406 236
407 233
407 235
408 234
408 235
409 233
409 234
409 236
409 237
410 232
410 233
410 235
410 236
411 233
411 235
411 236
412 233
412 235
412 236
413 232
413 233
413 234
413 235
413 237
414 233
414 235
414 236
415 233
415 234
415 236
415 237
416 233
416 234
416 236
416 237
417 232
417 233
417 234
417 235
