481 422
482 424
483 426
483 427
484 428
484 429
485 430
485 431
485 432
486 432
486 433
486 434
486 435
487 434
487 435
487 436
487 437
488 436
488 437
488 438
488 439
488 440
489 438
489 439
489 440
489 441
489 442
490 440
490 441
490 442
490 443
490 444
490 445
491 442
491 443
491 444
491 445
491 446
491 447
492 444
492 445
492 446
492 447
492 448
492 449
492 450
493 446
493 447
493 448
493 449
493 450
493 451
493 452
494 448
494 449
494 450
494 451
494 452
494 453
494 454
494 455
495 450
495 451
495 452
495 453
495 454
495 455
495 456
495 457
496 452
496 453
496 454
496 455
496 456
496 457
496 458
496 459
496 460
497 454
497 455
497 456
497 457
497 458
497 459
497 460
497 461
497 462
498 456
498 457
498 458
498 459
498 460
498 461
498 462
498 463
498 464
498 465
499 459
499 460
499 461
499 462
499 463
499 464
499 465
499 466
499 467
500 461
500 462
500 463
500 464
500 465
500 466
500 467
500 468
500 469
500 470
501 463
501 464
501 465
501 466
501 467
501 468
501 469
501 470
501 471
501 472
502 465
502 466
502 467
502 468
502 469
502 470
502 471
502 472
502 473
502 474
503 467
503 468
503 469
503 470
503 471
503 472
503 473
503 474
503 475
503 476
503 477
504 469
504 470
504 471
504 472
504 473
504 474
504 475
504 476
504 477
504 478
504 479
505 471
505 472
505 473
505 474
505 475
505 476
505 477
505 478
505 479
505 480
505 481
505 482
506 473
506 474
506 475
506 476
506 477
506 478
506 479
506 480
506 481
506 482
506 483
506 484
507 475
507 476
507 477
507 478
507 479
507 480
507 481
507 482
507 483
507 484
507 485
507 486
508 477
508 478
508 479
508 480
508 481
508 482
508 483
508 484
508 485
508 486
508 487
508 488
508 489
509 479
509 480
509 481
509 482
509 483
509 484
509 485
509 486
509 487
509 488
509 489
509 490
509 491
510 481
510 482
510 483
510 484
510 485
510 486
510 487
510 488
510 489
510 490
510 491
510 492
510 493
511 484
511 485
511 486
511 487
511 488
511 489
511 490
511 491
511 492
511 493
511 494
511 495
511 496
512 486
512 487
512 488
512 489
512 490
512 491
512 492
512 493
512 494
512 495
512 496
512 497
512 498
513 489
513 490
513 491
513 492
513 493
513 494
513 495
513 496
513 497
513 498
513 499
513 500
514 492
514 493
514 494
514 495
514 496
514 497
514 498
514 499
514 500
514 501
514 502
514 503
515 494
515 495
515 496
515 497
515 498
515 499
515 500
515 501
515 502
515 503
515 504
515 505
516 496
516 497
516 498
516 499
516 500
516 501
516 502
516 503
516 504
516 505
516 506
516 507
517 499
517 500
517 501
517 502
517 503
517 504
517 505
517 506
517 507
517 508
517 509
518 501
518 502
518 503
518 504
518 505
518 506
518 507
518 508
518 509
518 510
518 511
518 512
519 504
519 505
519 506
519 507
519 508
519 509
519 510
519 511
519 512
519 513
519 514
520 502
520 506
520 507
520 508
520 509
520 510
520 511
520 512
520 513
520 514
520 515
520 516
521 505
521 509
521 510
521 511
521 512
521 513
521 514
521 515
521 516
521 517
521 518
522 511
522 512
522 513
522 514
522 515
522 516
522 517
522 518
522 519
522 520
522 521
523 510
523 513
523 514
523 515
523 516
523 517
523 518
523 519
523 520
523 521
523 522
523 523
524 516
524 517
524 518
524 519
524 520
524 521
524 522
524 523
524 524
524 525
525 515
525 518
525 519
525 520
525 521
525 522
525 523
525 524
525 525
525 526
525 527
526 521
526 522
526 523
526 524
526 525
526 526
526 527
526 528
526 529
527 520
527 523
527 524
527 525
527 526
527 527
527 528
527 529
527 530
527 531
528 525
528 526
528 527
528 528
528 529
528 530
528 531
528 532
528 533
528 534
529 525
529 528
529 529
529 530
529 531
529 532
529 533
529 534
529 535
529 536
530 527
530 530
530 531
530 532
530 533
530 534
530 535
530 536
530 537
530 538
531 532
531 533
531 534
531 535
531 536
531 537
531 538
531 539
531 540
532 532
532 534
532 535
532 536
532 537
532 538
532 539
532 540
532 541
532 542
533 537
533 538
533 539
533 540
533 541
533 542
533 543
533 544
534 539
534 540
534 541
534 542
534 543
534 544
534 545
534 546
535 539
535 541
535 542
535 543
535 544
535 545
535 546
535 547
535 548
536 543
536 544
536 545
536 546
536 547
536 548
536 549
536 550
536 551
537 546
537 547
537 548
537 549
537 550
537 551
537 552
537 553
538 546
538 548
538 549
538 550
538 551
538 552
538 553
538 554
538 555
539 548
539 550
539 551
539 552
539 553
539 554
539 555
539 556
539 557
540 552
540 553
540 554
540 555
540 556
540 557
540 558
540 559
541 555
541 556
541 557
541 558
541 559
541 560
541 561
542 555
542 557
542 558
542 559
542 560
542 561
542 562
542 563
543 557
543 559
543 560
543 561
543 562
543 563
543 564
543 565
544 561
544 562
544 563
544 564
544 565
544 566
544 567
545 563
545 564
545 565
545 566
545 567
545 568
545 569
546 565
546 566
546 567
546 568
546 569
546 570
546 571
547 566
547 567
547 568
547 569
547 570
547 571
547 572
547 573
548 568
548 570
548 571
548 572
548 573
548 574
548 575
549 572
549 573
549 574
549 575
549 576
549 577
550 574
550 575
550 576
550 577
550 578
550 579
551 576
551 577
551 578
551 579
551 580
551 581
552 578
552 579
552 580
552 581
552 582
552 583
553 579
553 580
553 581
553 582
553 583
553 584
553 585
554 581
554 582
554 583
554 584
554 585
554 586
554 587
555 583
555 584
555 585
555 586
555 587
555 588
555 589
556 586
556 587
556 588
556 589
556 590
556 591
557 589
557 590
557 591
557 592
557 593
558 591
558 592
558 593
558 594
558 595
559 593
559 594
559 595
559 596
559 597
560 595
560 596
560 597
560 598
560 599
561 597
561 598
561 599
561 600
561 601
562 598
562 599
562 600
562 601
562 602
562 603
563 600
563 601
563 602
563 603
563 604
563 605
564 602
564 603
564 604
564 605
564 606
564 607
565 605
565 606
565 607
565 608
565 609
566 607
566 608
566 609
566 610
566 611
567 609
567 610
567 611
567 612
567 613
568 612
568 613
568 614
568 615
569 614
569 615
569 616
569 617
570 616
570 617
570 618
570 619
571 617
571 618
571 619
571 620
571 621
571 622
572 302
572 619
572 620
572 621
572 622
572 623
572 624
573 302
573 303
573 304
573 305
573 306
573 622
573 623
573 624
573 625
573 626
574 302
574 303
574 304
574 305
574 306
574 307
574 308
574 309
574 310
574 624
574 625
574 626
574 627
574 628
575 302
575 303
575 304
575 305
575 306
575 307
575 308
575 309
575 310
575 311
575 312
575 313
575 314
575 626
575 627
575 628
575 629
575 630
576 301
576 302
576 303
576 304
576 305
576 306
576 307
576 308
576 309
576 310
576 311
576 312
576 313
576 314
576 315
576 316
576 317
576 318
576 629
576 630
576 631
576 632
577 301
577 302
577 303
577 304
577 305
577 306
577 307
577 308
577 309
577 310
577 311
577 312
577 313
577 314
577 315
577 316
577 317
577 318
577 319
577 320
577 321
577 322
577 631
577 632
577 633
577 634
578 301
578 302
578 303
578 304
578 305
578 306
578 307
578 308
578 309
578 310
578 311
578 312
578 313
578 314
578 315
578 316
578 317
578 318
578 319
578 320
578 321
578 322
578 323
578 324
578 325
578 326
578 632
578 633
578 634
578 635
578 636
579 301
579 302
579 303
579 304
579 305
579 306
579 307
579 308
579 309
579 310
579 311
579 312
579 313
579 314
579 315
579 316
579 317
579 318
579 319
579 320
579 321
579 322
579 323
579 324
579 325
579 326
579 327
579 328
579 329
579 330
579 635
579 636
579 637
579 638
580 301
580 302
580 303
580 304
580 305
580 306
580 307
580 308
580 309
580 310
580 311
580 312
580 313
580 314
580 315
580 316
580 317
580 318
580 319
580 320
580 321
580 322
580 323
580 324
580 325
580 326
580 327
580 328
580 329
580 330
580 331
580 332
580 333
580 334
580 335
580 637
580 638
580 639
580 640
580 641
581 301
581 302
581 303
581 304
581 305
581 306
581 307
581 308
581 309
581 310
581 311
581 312
581 313
581 314
581 315
581 316
581 317
581 318
581 319
581 320
581 321
581 322
581 323
581 324
581 325
581 326
581 327
581 328
581 329
581 330
581 331
581 332
581 333
581 334
581 335
581 336
581 337
581 338
581 339
581 640
581 641
581 642
581 643
582 301
582 302
582 303
582 304
582 305
582 306
582 307
582 308
582 309
582 310
582 311
582 312
582 313
582 314
582 315
582 316
582 317
582 318
582 319
582 320
582 321
582 322
582 323
582 324
582 325
582 326
582 327
582 328
582 329
582 330
582 331
582 332
582 333
582 334
582 335
582 336
582 337
582 338
582 339
582 340
582 341
582 342
582 343
582 641
582 642
582 643
582 644
582 645
583 301
583 302
583 303
583 304
583 305
583 306
583 307
583 308
583 309
583 310
583 311
583 312
583 313
583 314
583 315
583 316
583 317
583 318
583 319
583 320
583 321
583 322
583 323
583 324
583 325
583 326
583 327
583 328
583 329
583 330
583 331
583 332
583 333
583 334
583 335
583 336
583 337
583 338
583 339
583 340
583 341
583 342
583 343
583 344
583 345
583 346
583 347
583 644
583 645
583 646
583 647
584 301
584 302
584 303
584 304
584 305
584 306
584 307
584 308
584 309
584 310
584 311
584 312
584 313
584 314
584 315
584 316
584 317
584 318
584 319
584 320
584 321
584 322
584 323
584 324
584 325
584 326
584 327
584 328
584 329
584 330
584 331
584 332
584 333
584 334
584 335
584 336
584 337
584 338
584 339
584 340
584 341
584 342
584 343
584 344
584 345
584 346
584 347
584 348
584 349
584 350
584 351
584 352
584 646
584 647
584 648
584 649
585 301
585 302
585 303
585 304
585 305
585 306
585 307
585 308
585 309
585 310
585 311
585 312
585 313
585 314
585 315
585 316
585 317
585 318
585 319
585 320
585 321
585 322
585 323
585 324
585 325
585 326
585 327
585 328
585 329
585 330
585 331
585 332
585 333
585 334
585 335
585 336
585 337
585 338
585 339
585 340
585 341
585 342
585 343
585 344
585 345
585 346
585 347
585 348
585 349
585 350
585 351
585 352
585 353
585 354
585 355
585 356
585 649
585 650
585 651
585 652
586 301
586 302
586 303
586 304
586 305
586 306
586 307
586 308
586 309
586 310
586 311
586 312
586 313
586 314
586 315
586 316
586 317
586 318
586 319
586 320
586 321
586 322
586 323
586 324
586 325
586 326
586 327
586 328
586 329
586 330
586 331
586 332
586 333
586 334
586 335
586 336
586 337
586 338
586 339
586 340
586 341
586 342
586 343
586 344
586 345
586 346
586 347
586 348
586 349
586 350
586 351
586 352
586 353
586 354
586 355
586 356
586 357
586 358
586 359
586 360
586 361
586 651
586 652
586 653
586 654
587 301
587 302
587 303
587 304
587 305
587 306
587 307
587 308
587 309
587 310
587 311
587 312
587 313
587 314
587 315
587 316
587 317
587 318
587 319
587 320
587 321
587 322
587 323
587 324
587 325
587 326
587 327
587 328
587 329
587 330
587 331
587 332
587 333
587 334
587 335
587 336
587 337
587 338
587 339
587 340
587 341
587 342
587 343
587 344
587 345
587 346
587 347
587 348
587 349
587 350
587 351
587 352
587 353
587 354
587 355
587 356
587 357
587 358
587 359
587 360
587 361
587 362
587 363
587 364
587 365
587 654
587 655
587 656
588 303
588 304
588 305
588 306
588 307
588 308
588 309
588 310
588 311
588 312
588 313
588 314
588 315
588 316
588 317
588 318
588 319
588 320
588 321
588 322
588 323
588 324
588 325
588 326
588 327
588 328
588 329
588 330
588 331
588 332
588 333
588 334
588 335
588 336
588 337
588 338
588 339
588 340
588 341
588 342
588 343
588 344
588 345
588 346
588 347
588 348
588 349
588 350
588 351
588 352
588 353
588 354
588 355
588 356
588 357
588 358
588 359
588 360
588 361
588 362
588 363
588 364
588 365
588 366
588 367
588 368
588 369
588 655
588 656
588 657
588 658
588 659
589 309
589 310
589 311
589 312
589 313
589 314
589 315
589 316
589 317
589 318
589 319
589 320
589 321
589 322
589 323
589 324
589 325
589 326
589 327
589 328
589 329
589 330
589 331
589 332
589 333
589 334
589 335
589 336
589 337
589 338
589 339
589 340
589 341
589 342
589 343
589 344
589 345
589 346
589 347
589 348
589 349
589 350
589 351
589 352
589 353
589 354
589 355
589 356
589 357
589 358
589 359
589 360
589 361
589 362
589 363
589 364
589 365
589 366
589 367
589 368
589 370
589 371
589 372
589 373
589 374
589 658
589 659
589 660
589 661
590 315
590 316
590 317
590 318
590 319
590 320
590 321
590 322
590 323
590 324
590 325
590 326
590 327
590 328
590 329
590 330
590 331
590 332
590 333
590 334
590 335
590 336
590 337
590 338
590 339
590 340
590 341
590 342
590 343
590 344
590 345
590 346
590 347
590 348
590 349
590 350
590 351
590 352
590 353
590 354
590 355
590 356
590 357
590 358
590 359
590 360
590 361
590 362
590 363
590 364
590 365
590 366
590 367
590 368
590 369
590 370
590 371
590 372
590 373
590 374
590 375
590 376
590 377
590 378
590 660
590 662
590 663
590 664
591 321
591 322
591 323
591 324
591 325
591 326
591 327
591 328
591 329
591 330
591 331
591 332
591 333
591 334
591 335
591 336
591 337
591 338
591 339
591 340
591 341
591 342
591 343
591 344
591 345
591 346
591 347
591 348
591 349
591 350
591 351
591 352
591 353
591 354
591 355
591 356
591 357
591 358
591 359
591 360
591 361
591 362
591 363
591 364
591 365
591 366
591 367
591 368
591 369
591 370
591 371
591 372
591 373
591 374
591 375
591 376
591 377
591 378
591 379
591 380
591 381
591 382
591 383
591 663
591 664
591 665
591 666
592 327
592 328
592 329
592 330
592 331
592 332
592 333
592 334
592 335
592 336
592 337
592 338
592 339
592 340
592 341
592 342
592 343
592 344
592 345
592 346
592 347
592 348
592 349
592 350
592 351
592 352
592 353
592 354
592 355
592 356
592 357
592 358
592 359
592 360
592 361
592 362
592 363
592 364
592 365
592 366
592 367
592 368
592 369
592 370
592 371
592 372
592 373
592 374
592 375
592 376
592 377
592 378
592 379
592 380
592 381
592 382
592 383
592 384
592 385
592 386
592 387
592 388
592 665
592 666
592 667
592 668
592 669
593 333
593 334
593 335
593 336
593 337
593 338
593 339
593 340
593 341
593 342
593 343
593 344
593 345
593 346
593 347
593 348
593 349
593 350
593 351
593 352
593 353
593 354
593 355
593 356
593 357
593 358
593 359
593 360
593 361
593 362
593 363
593 364
593 365
593 366
593 367
593 368
593 369
593 370
593 371
593 372
593 373
593 374
593 375
593 376
593 377
593 378
593 379
593 380
593 381
593 382
593 383
593 384
593 385
593 386
593 387
593 388
593 389
593 390
593 391
593 392
593 669
593 670
593 671
594 339
594 340
594 341
594 342
594 343
594 344
594 345
594 346
594 347
594 348
594 349
594 350
594 351
594 352
594 353
594 354
594 355
594 356
594 357
594 358
594 359
594 360
594 361
594 362
594 363
594 364
594 365
594 366
594 367
594 368
594 369
594 370
594 371
594 372
594 373
594 374
594 375
594 376
594 377
594 378
594 379
594 380
594 381
594 382
594 383
594 384
594 385
594 386
594 387
594 388
594 389
594 390
594 391
594 392
594 393
594 394
594 395
594 396
594 397
594 671
594 672
594 673
594 674
595 345
595 346
595 347
595 348
595 349
595 350
595 351
595 352
595 353
595 354
595 355
595 356
595 357
595 358
595 359
595 360
595 361
595 362
595 363
595 364
595 365
595 366
595 367
595 368
595 369
595 370
595 371
595 372
595 373
595 374
595 375
595 376
595 377
595 378
595 379
595 380
595 381
595 382
595 383
595 384
595 385
595 386
595 387
595 388
595 389
595 390
595 391
595 392
595 393
595 394
595 395
595 396
595 397
595 398
595 399
595 400
595 401
595 402
595 673
595 674
595 675
595 676
596 351
596 352
596 353
596 354
596 355
596 356
596 357
596 358
596 359
596 360
596 361
596 362
596 363
596 364
596 365
596 366
596 367
596 368
596 369
596 370
596 371
596 372
596 373
596 374
596 375
596 376
596 377
596 378
596 379
596 380
596 381
596 382
596 383
596 384
596 385
596 386
596 387
596 388
596 389
596 390
596 391
596 392
596 393
596 394
596 395
596 396
596 397
596 398
596 399
596 400
596 401
596 402
596 403
596 404
596 405
596 406
596 677
596 678
596 679
597 357
597 358
597 359
597 360
597 361
597 362
597 363
597 364
597 365
597 366
597 367
597 368
597 369
597 370
597 371
597 372
597 373
597 374
597 375
597 376
597 377
597 378
597 379
597 380
597 381
597 382
597 383
597 384
597 385
597 386
597 387
597 388
597 389
597 390
597 391
597 392
597 393
597 394
597 395
597 396
597 397
597 398
597 399
597 400
597 401
597 402
597 403
597 404
597 405
597 406
597 407
597 408
597 409
597 410
597 411
597 679
597 680
597 681
597 682
598 364
598 365
598 366
598 367
598 368
598 369
598 370
598 371
598 372
598 373
598 374
598 375
598 376
598 377
598 378
598 379
598 380
598 381
598 382
598 383
598 384
598 385
598 386
598 387
598 388
598 389
598 390
598 391
598 392
598 393
598 394
598 395
598 396
598 397
598 398
598 399
598 400
598 401
598 402
598 403
598 404
598 405
598 406
598 407
598 408
598 409
598 410
598 411
598 412
598 413
598 414
598 415
598 416
598 682
598 683
598 684
598 685
599 370
599 371
599 372
599 373
599 374
599 375
599 376
599 377
599 378
599 379
599 380
599 381
599 382
599 383
599 384
599 385
599 386
599 387
599 388
599 389
599 390
599 391
599 392
599 393
599 394
599 395
599 396
599 397
599 398
599 399
599 400
599 401
599 402
599 403
599 404
599 405
599 406
599 407
599 408
599 409
599 410
599 411
599 412
599 413
599 414
599 415
599 416
599 417
599 418
599 419
599 420
599 421
599 684
599 685
599 686
599 687
600 376
600 377
600 378
600 379
600 380
600 381
600 382
600 383
600 384
600 385
600 386
600 387
600 388
600 389
600 390
600 391
600 392
600 393
600 394
600 395
600 396
600 397
600 398
600 399
600 400
600 401
600 402
600 403
600 404
600 405
600 406
600 407
600 408
600 409
600 410
600 411
600 412
600 413
600 414
600 415
600 416
600 417
600 418
600 419
600 420
600 421
600 422
600 423
600 424
600 425
600 426
600 688
600 689
600 690
601 383
601 384
601 385
601 386
601 387
601 388
601 389
601 390
601 391
601 392
601 393
601 394
601 395
601 396
601 397
601 398
601 399
601 400
601 401
601 402
601 403
601 404
601 405
601 406
601 407
601 408
601 409
601 410
601 411
601 412
601 413
601 414
601 415
601 416
601 417
601 418
601 419
601 420
601 421
601 422
601 423
601 424
601 425
601 426
601 427
601 428
601 429
601 430
601 431
601 432
601 691
601 692
601 693
602 389
602 390
602 391
602 392
602 393
602 394
602 395
602 396
602 397
602 398
602 399
602 400
602 401
602 402
602 403
602 404
602 405
602 406
602 407
602 408
602 409
602 410
602 411
602 412
602 413
602 414
602 415
602 416
602 417
602 418
602 419
602 420
602 421
602 422
602 423
602 424
602 425
602 426
602 427
602 428
602 429
602 430
602 431
602 432
602 433
602 434
602 435
602 436
602 437
602 694
602 695
602 696
603 396
603 397
603 398
603 399
603 400
603 401
603 402
603 403
603 404
603 405
603 406
603 407
603 408
603 409
603 410
603 411
603 412
603 413
603 414
603 415
603 416
603 417
603 418
603 419
603 420
603 421
603 422
603 423
603 424
603 425
603 426
603 427
603 428
603 429
603 430
603 431
603 432
603 433
603 434
603 435
603 436
603 437
603 438
603 439
603 440
603 441
603 442
603 697
603 698
603 699
604 402
604 403
604 404
604 405
604 406
604 407
604 408
604 409
604 410
604 411
604 412
604 413
604 414
604 415
604 416
604 417
604 418
604 419
604 420
604 421
604 422
604 423
604 424
604 425
604 426
604 427
604 428
604 429
604 430
604 431
604 432
604 433
604 434
604 435
604 436
604 437
604 438
604 439
604 440
604 441
604 442
604 443
604 444
604 445
604 446
604 447
604 448
604 700
604 701
604 702
605 409
605 410
605 411
605 412
605 413
605 414
605 415
605 416
605 417
605 418
605 419
605 420
605 421
605 422
605 423
605 424
605 425
605 426
605 427
605 428
605 429
605 430
605 431
605 432
605 433
605 434
605 435
605 436
605 437
605 438
605 439
605 440
605 441
605 442
605 443
605 444
605 445
605 446
605 447
605 448
605 449
605 450
605 451
605 452
605 453
605 703
605 704
605 705
606 416
606 417
606 418
606 419
606 420
606 421
606 422
606 423
606 424
606 425
606 426
606 427
606 428
606 429
606 430
606 431
606 432
606 433
606 434
606 435
606 436
606 437
606 438
606 439
606 440
606 441
606 442
606 443
606 444
606 445
606 446
606 447
606 448
606 449
606 450
606 451
606 452
606 453
606 454
606 455
606 456
606 457
606 458
606 459
606 706
606 707
606 708
607 423
607 424
607 425
607 426
607 427
607 428
607 429
607 430
607 431
607 432
607 433
607 434
607 435
607 436
607 437
607 438
607 439
607 440
607 441
607 442
607 443
607 444
607 445
607 446
607 447
607 448
607 449
607 450
607 451
607 452
607 453
607 454
607 455
607 456
607 457
607 458
607 459
607 460
607 461
607 462
607 463
607 464
607 465
607 709
607 710
607 711
608 430
608 431
608 432
608 433
608 434
608 435
608 436
608 437
608 438
608 439
608 440
608 441
608 442
608 443
608 444
608 445
608 446
608 447
608 448
608 449
608 450
608 451
608 452
608 453
608 454
608 455
608 456
608 457
608 458
608 459
608 460
608 461
608 462
608 463
608 464
608 465
608 466
608 467
608 468
608 469
608 470
608 471
608 712
608 713
609 437
609 438
609 439
609 440
609 441
609 442
609 443
609 444
609 445
609 446
609 447
609 448
609 449
609 450
609 451
609 452
609 453
609 454
609 455
609 456
609 457
609 458
609 459
609 460
609 461
609 462
609 463
609 464
609 465
609 466
609 467
609 468
609 469
609 470
609 471
609 472
609 473
609 474
609 475
609 476
609 477
609 715
609 716
610 445
610 446
610 447
610 448
610 449
610 450
610 451
610 452
610 453
610 454
610 455
610 456
610 457
610 458
610 459
610 460
610 461
610 462
610 463
610 464
610 465
610 466
610 467
610 468
610 469
610 470
610 471
610 472
610 473
610 474
610 475
610 476
610 477
610 478
610 479
610 480
610 481
610 482
610 483
610 484
610 718
610 719
611 452
611 453
611 454
611 455
611 456
611 457
611 458
611 459
611 460
611 461
611 462
611 463
611 464
611 465
611 466
611 467
611 468
611 469
611 470
611 471
611 472
611 473
611 474
611 475
611 476
611 477
611 478
611 479
611 480
611 481
611 482
611 483
611 484
611 485
611 486
611 487
611 488
611 489
611 490
611 720
611 721
611 722
612 460
612 461
612 462
612 463
612 464
612 465
612 466
612 467
612 468
612 469
612 470
612 471
612 472
612 473
612 474
612 475
612 476
612 477
612 478
612 479
612 480
612 481
612 482
612 483
612 484
612 485
612 486
612 487
612 488
612 489
612 490
612 491
612 492
612 493
612 494
612 495
612 496
612 497
612 723
612 724
612 725
613 468
613 469
613 470
613 471
613 472
613 473
613 474
613 475
613 476
613 477
613 478
613 479
613 480
613 481
613 482
613 483
613 484
613 485
613 486
613 487
613 488
613 489
613 490
613 491
613 492
613 493
613 494
613 495
613 496
613 497
613 498
613 499
613 500
613 501
613 502
613 503
613 504
613 726
613 727
614 477
614 478
614 479
614 480
614 481
614 482
614 483
614 484
614 485
614 486
614 487
614 488
614 489
614 490
614 491
614 492
614 493
614 494
614 495
614 496
614 497
614 498
614 499
614 500
614 501
614 502
614 503
614 504
614 505
614 506
614 507
614 508
614 509
614 510
614 511
614 512
614 729
614 730
615 485
615 486
615 487
615 488
615 489
615 490
615 491
615 492
615 493
615 494
615 495
615 496
615 497
615 498
615 499
615 500
615 501
615 502
615 503
615 504
615 505
615 506
615 507
615 508
615 509
615 510
615 511
615 512
615 513
615 514
615 515
615 516
615 517
615 518
615 519
615 520
615 731
615 732
615 733
616 494
616 495
616 496
616 497
616 498
616 499
616 500
616 501
616 502
616 503
616 504
616 505
616 506
616 507
616 508
616 509
616 510
616 511
616 512
616 513
616 514
616 515
616 516
616 517
616 518
616 519
616 520
616 521
616 522
616 523
616 524
616 525
616 526
616 527
616 528
616 529
616 734
616 735
617 504
617 505
617 506
617 507
617 508
617 509
617 510
617 511
617 512
617 513
617 514
617 515
617 516
617 517
617 518
617 519
617 520
617 521
617 522
617 523
617 524
617 525
617 526
617 527
617 528
617 529
617 530
617 531
617 532
617 533
617 534
617 535
617 536
617 537
617 538
617 737
617 738
618 514
618 515
618 516
618 517
618 518
618 519
618 520
618 521
618 522
618 523
618 524
618 525
618 526
618 527
618 528
618 529
618 530
618 531
618 532
618 533
618 534
618 535
618 536
618 537
618 538
618 539
618 540
618 541
618 542
618 543
618 544
618 545
618 546
618 547
618 548
618 739
618 740
619 526
619 527
619 528
619 529
619 530
619 531
619 532
619 533
619 534
619 535
619 536
619 537
619 538
619 539
619 540
619 541
619 542
619 543
619 544
619 545
619 546
619 547
619 548
619 549
619 550
619 551
619 552
619 553
619 554
619 555
619 556
619 557
619 558
619 559
619 560
620 538
620 539
620 540
620 541
620 542
620 543
620 544
620 545
620 546
620 547
620 548
620 549
620 550
620 551
620 552
620 553
620 554
620 555
620 556
620 557
620 558
620 559
620 560
620 561
620 562
620 563
620 564
620 565
620 566
620 567
620 568
620 569
620 570
620 571
620 572
620 573
620 574
621 552
621 553
621 554
621 555
621 556
621 557
621 558
621 559
621 560
621 561
621 562
621 563
621 564
621 565
621 566
621 567
621 568
621 569
621 570
621 571
621 572
621 573
621 574
621 575
621 576
621 577
621 578
621 579
621 580
621 581
621 582
621 583
621 584
621 585
621 586
621 587
621 588
621 589
621 590
621 591
621 592
621 593
621 594
622 570
622 571
622 572
622 573
622 574
622 575
622 576
622 577
622 578
622 579
622 580
622 581
622 582
622 583
622 584
622 585
622 586
622 587
622 588
622 589
622 590
622 591
622 592
622 593
622 594
622 595
622 596
622 597
622 598
622 599
622 600
622 601
622 602
622 603
622 604
622 605
622 606
622 607
622 608
622 609
622 610
622 611
622 612
622 613
622 614
622 615
622 616
622 617
622 618
622 619
622 620
622 621
622 622
622 623
622 624
622 625
622 626
622 627
622 628
622 629
622 630
622 631
622 632
622 633
622 634
622 635
622 636
622 637
622 638
622 639
622 640
622 641
622 642
622 643
622 644
622 645
622 646
622 647
622 648
622 649
622 650
622 651
622 652
622 653
622 654
622 655
622 656
622 657
622 658
622 659
622 660
622 661
622 662
622 663
622 664
622 665
622 666
622 667
622 668
622 669
622 670
622 671
622 672
622 673
622 674
622 675
622 676
622 677
622 678
622 679
622 680
622 681
622 682
622 683
622 684
622 685
623 601
623 602
623 603
623 604
623 605
623 606
623 607
623 608
623 609
623 610
623 611
623 612
623 613
623 614
623 615
623 616
623 617
623 618
623 619
623 620
623 621
623 622
623 623
623 624
623 625
623 626
623 627
623 628
623 629
623 630
623 631
623 632
623 633
623 691
623 692
623 693
623 694
623 695
623 696
623 697
623 698
623 699
623 700
624 486
624 487
624 488
624 489
624 490
624 491
624 492
624 493
624 494
624 495
624 496
624 497
624 498
624 499
624 500
624 501
624 502
624 503
624 504
624 505
624 506
624 507
624 664
624 665
624 666
624 667
624 668
624 669
624 681
624 682
624 683
624 704
624 705
624 706
624 707
624 708
624 709
625 475
625 539
625 540
625 541
625 542
625 543
625 544
625 545
625 546
625 547
625 548
625 549
625 550
625 551
625 629
625 630
625 631
625 632
625 701
625 712
625 713
625 714
625 715
626 710
626 718
626 719
626 720
626 721
627 723
627 724
627 725
628 728
628 729
629 690
629 691
629 692
629 693
629 694
629 732
629 733
630 670
630 671
630 672
630 673
630 711
630 735
630 736
631 660
631 661
631 662
631 663
631 677
631 678
631 707
631 708
631 734
631 739
632 652
632 653
632 654
632 655
632 666
632 667
632 716
633 645
633 646
633 647
633 648
633 658
633 659
634 637
634 638
634 639
634 640
634 641
634 642
634 650
634 651
634 727
635 631
635 632
635 633
635 634
635 635
635 643
635 644
635 645
636 624
636 625
636 626
636 627
636 628
636 629
636 637
636 638
637 617
637 618
637 619
637 620
637 621
637 622
637 623
637 631
637 632
637 738
638 610
638 611
638 612
638 613
638 614
638 615
638 616
638 617
638 624
638 625
638 626
638 627
638 741
639 603
639 604
639 605
639 606
639 607
639 608
639 609
639 610
639 618
639 619
639 620
639 621
640 596
640 597
640 598
640 599
640 600
640 601
640 602
640 603
640 604
640 612
640 613
640 614
640 615
641 588
641 589
641 590
641 591
641 592
641 593
641 594
641 595
641 596
641 597
641 606
641 607
641 608
641 609
642 581
642 582
642 583
642 584
642 585
642 586
642 587
642 588
642 589
642 590
642 591
642 601
642 602
642 603
642 604
643 574
643 575
643 576
643 577
643 578
643 579
643 580
643 581
643 582
643 583
643 595
643 596
643 597
643 598
644 566
644 567
644 568
644 569
644 570
644 571
644 572
644 573
644 574
644 575
644 576
644 589
644 590
644 591
644 592
645 558
645 559
645 560
645 561
645 562
645 563
645 564
645 565
645 566
645 567
645 568
645 583
645 584
645 585
645 586
645 587
646 551
646 552
646 553
646 554
646 555
646 556
646 557
646 558
646 559
646 560
646 578
646 579
646 580
646 581
646 695
647 543
647 544
647 545
647 546
647 547
647 548
647 549
647 550
647 551
647 552
647 573
647 574
647 575
647 576
648 536
648 537
648 538
648 539
648 540
648 541
648 542
648 543
648 567
648 568
648 569
648 570
649 528
649 529
649 530
649 531
649 532
649 533
649 534
649 562
649 563
649 564
649 565
650 520
650 521
650 522
650 523
650 524
650 557
650 558
650 559
650 560
650 676
651 513
651 514
651 515
651 552
651 553
651 554
651 555
652 547
652 548
652 549
652 550
653 542
653 543
653 544
653 545
654 537
654 538
654 539
654 540
655 533
655 534
655 535
655 663
656 528
656 529
656 530
657 524
657 525
657 526
658 519
658 520
658 521
659 515
659 516
659 517
659 655
660 511
660 512
660 513
661 507
661 508
661 509
662 503
662 504
662 505
663 499
663 500
663 501
664 495
664 496
664 497
665 491
665 492
665 493
666 488
666 489
667 484
667 485
667 486
668 481
668 482
669 477
669 478
669 479
670 474
670 475
670 476
671 471
671 472
672 467
672 468
672 469
673 464
673 465
673 466
674 461
674 462
674 463
675 458
675 459
675 460
676 456
676 457
677 454
678 452
691 616
705 725
705 726
705 727
705 728
705 729
705 730
705 740
705 741
705 742
705 743
705 744
705 745
706 720
706 721
706 722
706 723
706 747
706 748
707 717
707 718
708 714
708 715
709 711
709 712
710 709
710 710
711 707
711 708
712 705
712 706
712 726
712 745
713 703
713 704
713 721
714 701
714 702
714 718
715 700
715 715
716 698
716 699
717 710
718 708
721 703
722 594
723 700
726 696
728 590
738 585
740 585
745 582
750 581
750 606
753 580
754 519
754 520
754 521
754 522
754 523
754 524
754 525
754 526
754 527
754 528
754 529
754 530
754 531
754 532
754 533
755 514
755 515
755 516
755 517
755 518
755 519
755 520
755 521
755 522
755 523
755 524
755 525
755 526
755 527
755 528
755 529
755 530
755 531
755 532
755 533
755 534
755 535
756 510
756 511
756 512
756 513
756 514
756 515
756 516
756 517
756 518
756 519
756 520
756 521
756 522
756 523
756 524
756 525
756 526
756 527
756 528
756 529
756 530
756 531
756 532
756 533
756 534
756 535
756 536
756 537
756 579
757 509
757 510
757 511
757 512
757 513
757 514
757 515
757 516
757 517
757 518
757 519
757 520
757 521
757 522
757 523
757 524
757 525
757 526
757 527
757 528
757 529
757 530
757 531
757 532
757 533
757 534
757 535
757 536
757 537
757 538
758 507
758 508
758 509
758 510
758 511
758 512
758 513
758 514
758 515
758 516
758 517
758 518
758 519
758 520
758 521
758 522
758 523
758 524
758 525
758 526
758 527
758 528
758 529
758 530
758 531
758 532
758 533
758 534
758 535
758 536
758 537
758 538
759 506
759 507
759 508
759 509
759 510
759 511
759 512
759 513
759 514
759 515
759 516
759 517
759 518
759 524
759 525
759 526
759 527
759 528
759 529
759 530
759 531
759 532
759 533
759 534
759 535
759 536
759 537
759 538
759 539
759 578
760 504
760 505
760 506
760 507
760 508
760 509
760 510
760 529
760 530
760 531
760 532
760 533
760 534
760 535
760 536
760 537
760 538
760 539
761 503
761 504
761 531
761 532
761 533
761 534
761 535
761 536
761 537
761 538
761 539
761 540
762 532
762 533
762 534
762 535
762 536
762 537
762 538
762 539
762 540
763 534
763 535
763 536
763 537
763 538
763 539
763 540
764 534
764 535
764 536
764 537
764 538
764 539
764 540
765 535
765 536
765 537
765 538
765 539
765 540
765 541
766 536
766 537
766 538
766 539
766 540
766 541
766 576
767 536
767 537
767 538
767 539
767 540
767 541
768 536
768 537
768 538
768 539
768 540
768 541
769 537
769 538
769 539
769 540
769 541
770 537
770 538
770 539
770 540
770 541
770 575
771 537
771 538
771 539
771 540
771 541
772 537
772 538
772 539
772 540
772 541
773 537
773 538
773 539
773 540
773 541
774 537
774 538
774 539
774 540
774 541
775 538
775 539
775 540
775 541
775 574
776 538
776 539
776 540
776 541
777 538
777 539
777 540
777 541
778 538
778 539
778 540
778 541
778 712
778 713
778 714
778 715
778 716
778 717
778 718
779 538
779 539
779 540
779 541
779 706
779 707
779 708
779 709
779 710
779 711
779 712
779 713
779 714
779 715
779 716
779 717
779 718
779 719
779 720
779 721
779 722
780 538
780 539
780 540
780 541
780 573
780 703
780 704
780 705
780 706
780 707
780 708
780 709
780 710
780 711
780 712
780 713
780 714
780 715
780 716
780 717
780 718
780 719
780 720
780 721
780 722
781 538
781 539
781 540
781 541
781 700
781 701
781 702
781 703
781 704
781 705
781 706
781 707
781 708
781 709
781 710
781 711
781 712
781 713
781 714
781 715
781 716
781 717
781 718
781 719
781 720
781 721
782 538
782 539
782 540
782 541
782 698
782 699
782 700
782 701
782 702
782 703
782 704
782 705
782 706
782 707
782 708
782 709
782 710
782 711
782 712
782 713
782 714
782 715
782 716
782 717
782 718
782 719
782 720
783 538
783 539
783 540
783 541
783 696
783 697
783 698
783 699
783 700
783 701
783 702
783 703
783 704
783 705
783 706
783 707
783 718
783 719
784 538
784 539
784 540
784 695
784 696
784 697
784 698
784 699
784 700
784 701
784 702
785 538
785 539
785 540
785 693
785 694
785 695
785 696
785 697
785 698
785 699
786 538
786 539
786 540
786 572
786 692
786 693
786 694
786 695
786 696
786 697
787 538
787 539
787 540
787 572
787 690
787 691
787 692
787 693
787 694
787 695
788 538
788 539
788 540
788 689
788 690
788 691
788 692
788 693
789 538
789 539
789 540
789 688
789 689
789 690
789 691
790 538
790 539
790 540
790 687
790 688
790 689
790 690
791 538
791 539
791 540
791 686
791 687
791 688
791 689
792 538
792 539
792 540
792 685
792 686
792 687
793 538
793 539
793 540
793 684
793 685
793 686
794 538
794 539
794 540
794 683
794 684
794 685
795 538
795 539
795 540
795 682
795 683
795 684
796 538
796 539
796 540
796 681
796 682
796 683
797 538
797 539
797 540
797 680
797 681
797 682
798 538
798 539
798 540
798 679
798 680
798 681
799 538
799 539
799 540
799 679
799 680
800 538
800 539
800 540
800 678
800 679
801 538
801 539
801 677
801 678
802 676
802 677
803 676
803 677
804 675
804 676
805 675
