-24 471
-21 202
-17 439
-16 435
-16 436
-15 431
-13 218
-12 430
-12 455
-9 222
-9 457
-6 206
-6 231
-1 226
0 227
7 218
9 488
10 181
13 482
14 178
14 482
17 181
19 190
19 476
21 161
21 466
22 186
23 187
26 459
32 114
32 197
33 449
33 554
34 115
34 207
36 116
36 552
37 437
37 443
38 449
42 207
43 442
45 441
46 222
46 438
47 438
50 107
50 564
53 220
63 114
63 543
70 535
75 530
76 134
76 566
78 132
78 525
81 520
87 511
88 508
91 164
99 489
99 541
102 96
102 118
102 178
103 97
104 118
104 120
105 468
107 552
108 101
111 464
112 560
113 105
113 559
115 187
116 189
117 109
118 84
118 192
119 196
120 518
120 555
122 108
122 139
122 512
122 556
124 109
124 112
124 555
125 606
126 110
126 113
126 606
126 607
127 606
127 607
128 605
128 606
128 607
129 553
129 605
129 606
130 605
130 606
131 604
131 605
131 606
132 506
132 604
132 605
132 606
133 552
133 604
133 605
134 67
134 604
134 605
134 610
135 66
135 67
135 603
135 604
135 605
136 66
136 67
136 603
136 604
136 605
137 66
137 67
137 603
137 604
137 605
138 66
138 67
138 68
138 603
138 604
139 66
139 67
139 68
139 603
139 604
140 67
140 68
140 603
140 604
140 609
141 60
141 61
141 67
141 68
141 603
141 604
142 67
142 68
142 603
142 604
142 609
143 67
143 68
143 603
143 604
144 67
144 68
144 603
144 604
145 67
145 68
145 552
145 557
145 603
145 604
146 67
146 68
146 87
146 603
146 604
147 67
147 68
147 552
147 603
147 604
148 67
148 68
148 603
148 604
149 67
149 68
149 603
149 604
149 609
150 67
150 68
150 603
150 604
151 66
151 67
151 68
151 553
151 603
151 604
151 605
152 66
152 67
152 603
152 604
152 605
152 609
153 66
153 67
153 604
153 605
153 624
154 66
154 67
154 554
154 559
154 604
154 605
154 624
155 66
155 67
155 604
155 605
155 624
156 60
156 66
156 67
156 604
156 605
156 624
157 45
157 65
157 66
157 67
157 555
157 604
157 605
157 606
157 610
157 625
158 65
158 66
158 605
158 606
158 625
159 65
159 66
159 556
159 605
159 606
159 625
160 65
160 66
160 605
160 606
160 607
160 611
160 625
161 44
161 64
161 65
161 66
161 557
161 564
161 606
161 607
161 625
162 44
162 64
162 606
162 607
162 626
163 64
163 65
163 558
163 606
163 607
163 608
163 612
163 626
164 63
164 64
164 65
164 566
164 607
164 608
164 626
165 43
165 58
165 63
165 64
165 564
165 607
165 608
165 627
166 63
166 64
166 553
166 608
166 609
166 627
167 62
167 63
167 568
167 608
167 609
167 627
168 62
168 63
168 561
168 609
168 610
168 627
169 59
169 62
169 63
169 568
169 609
169 610
169 628
170 62
170 610
170 611
170 628
171 61
171 62
171 563
171 569
171 610
171 613
172 60
172 61
172 611
172 612
173 60
173 611
173 612
174 60
174 612
174 613
175 59
175 566
175 612
175 613
175 614
176 58
176 59
176 613
176 614
177 58
177 614
177 615
178 52
178 58
178 575
178 614
178 615
178 619
179 56
179 57
179 615
179 616
180 56
180 57
180 570
180 616
180 617
181 44
181 55
181 56
181 616
181 617
182 55
182 617
182 618
183 49
183 54
183 55
183 618
184 42
184 53
184 54
184 619
184 623
185 53
185 620
186 52
186 53
186 620
186 621
187 51
187 52
187 621
188 50
188 51
188 622
189 50
189 586
189 622
189 623
190 49
190 623
190 624
191 48
191 49
191 624
191 625
192 47
192 48
192 625
192 626
193 41
193 47
193 626
193 627
193 630
194 46
194 47
194 49
194 592
194 627
195 45
195 46
195 82
195 628
196 44
196 45
196 81
196 586
196 594
196 629
197 43
197 44
197 51
197 80
197 629
197 630
198 42
198 43
198 630
199 42
199 631
199 632
200 41
200 632
200 633
201 633
202 39
202 40
202 587
203 38
203 39
204 37
204 38
205 37
206 593
262 177
263 176
274 470
285 153
302 175
303 172
303 173
304 171
304 172
304 173
304 174
305 168
305 170
305 173
306 172
306 173
306 507
307 167
307 172
308 166
308 171
309 165
309 171
310 125
310 170
312 168
312 169
312 515
313 149
313 160
313 168
314 159
315 158
315 167
316 166
316 520
317 165
318 165
319 164
319 524
320 152
320 163
320 202
321 151
322 138
323 161
324 160
324 452
325 199
325 533
326 145
327 454
330 140
330 196
331 139
332 195
335 134
335 193
338 130
338 185
338 461
338 496
338 498
338 499
340 190
340 192
340 458
341 191
342 191
343 190
343 507
344 189
344 461
345 121
345 187
345 504
345 505
346 500
346 504
346 505
346 507
346 508
347 187
347 500
347 504
347 505
347 507
347 508
347 509
347 510
348 117
348 126
348 505
348 507
348 510
348 511
349 124
349 505
349 506
349 507
349 512
349 513
350 184
350 185
350 506
350 507
350 514
350 515
351 113
351 121
351 506
351 507
351 516
352 124
352 125
352 507
352 508
352 518
353 121
353 122
353 124
353 125
353 183
353 508
353 519
354 119
354 120
354 125
354 508
354 509
354 521
355 118
355 120
355 183
355 509
355 522
355 523
356 113
356 116
356 124
356 510
356 524
357 251
357 511
358 114
358 123
358 179
358 248
358 511
358 527
359 111
359 447
359 512
360 107
360 513
360 530
361 108
361 121
361 513
361 532
362 104
362 106
362 514
362 534
363 180
363 515
363 533
363 535
364 103
364 119
364 179
364 473
364 516
364 537
365 101
365 178
365 516
365 538
366 205
366 517
366 540
367 98
367 117
367 518
367 544
368 116
368 543
369 172
369 477
369 545
369 547
370 113
370 547
371 95
371 114
371 548
372 170
372 479
372 550
373 162
373 552
374 165
374 166
374 485
374 554
375 205
375 412
375 477
375 481
376 415
376 544
376 557
377 559
378 478
378 479
378 549
378 561
379 108
379 452
379 543
379 544
379 545
379 551
380 107
380 162
380 411
380 542
380 543
380 544
380 545
380 547
380 548
380 553
380 562
381 164
381 204
381 480
381 481
381 484
381 542
381 543
381 550
381 551
382 411
382 542
382 553
383 159
383 160
383 543
383 555
383 556
384 482
384 486
384 557
384 558
384 560
385 560
386 203
386 544
386 566
387 160
387 423
387 484
387 545
387 565
387 568
388 160
388 485
388 490
388 566
388 567
389 546
389 569
390 571
391 487
391 547
391 573
392 154
392 548
393 153
394 156
394 489
394 490
395 495
395 500
395 550
397 153
397 492
397 551
398 153
398 552
399 425
399 498
400 148
400 497
401 494
401 554
402 555
403 501
404 145
404 496
404 497
404 500
404 557
405 144
405 497
406 173
406 558
407 502
407 504
409 145
410 505
410 561
411 505
412 502
415 508
415 510
416 188
419 511
420 508
420 514
422 135
424 511
428 518
429 515
432 486
434 519
435 520
435 521
436 521
439 140
439 141
440 139
440 140
440 141
440 524
441 138
441 139
441 525
441 526
442 138
442 141
442 526
443 139
443 141
444 138
445 136
446 134
446 135
446 137
447 133
447 134
447 136
447 530
448 135
449 132
449 475
450 131
451 130
452 130
456 482
458 183
460 522
460 523
462 235
463 183
463 474
463 475
463 525
464 183
465 474
466 235
472 477
473 477
481 183
483 182
484 182
