436 77
436 78
437 75
437 76
437 77
437 78
438 76
438 77
438 78
439 75
439 76
439 77
439 78
440 75
440 76
440 77
440 78
441 76
441 77
441 78
442 75
442 76
442 77
442 78
443 75
443 76
443 77
443 78
444 75
444 76
444 77
445 75
445 76
445 77
445 78
446 75
446 76
446 77
446 78
447 75
447 76
447 77
448 75
448 76
448 77
448 78
449 75
449 77
449 78
450 75
450 76
450 77
450 78
451 75
451 77
451 78
451 193
451 194
451 195
452 75
452 76
452 77
452 78
452 193
452 194
452 195
453 75
453 76
453 77
453 78
453 193
453 194
453 195
454 75
454 76
454 77
454 78
454 193
454 194
454 195
455 75
455 76
455 77
455 78
455 193
455 194
455 195
456 75
456 76
456 77
456 78
456 193
456 194
457 75
457 76
457 77
457 78
457 192
457 193
457 194
458 75
458 76
458 77
458 78
458 192
458 193
458 194
459 75
459 76
459 77
459 78
459 192
459 194
460 75
460 76
460 77
460 78
460 192
460 193
460 194
461 76
461 77
461 78
461 192
461 193
462 75
462 76
462 77
462 78
462 192
462 193
463 75
463 76
463 77
463 78
463 191
463 192
463 193
464 74
464 75
464 76
464 77
464 78
464 191
464 192
464 193
465 74
465 75
465 76
465 77
465 78
465 192
465 193
466 74
466 75
466 76
466 77
466 191
466 192
466 193
467 74
467 75
467 76
467 77
467 78
467 191
467 192
468 74
468 75
468 76
468 77
468 78
468 190
468 191
468 192
469 74
469 75
469 77
469 78
469 190
469 191
469 192
470 74
470 75
470 77
470 78
470 190
470 191
470 192
471 74
471 75
471 76
471 77
471 78
471 190
471 191
471 192
472 75
472 76
472 77
472 78
472 190
472 191
473 74
473 75
473 76
473 77
473 78
473 190
473 191
474 74
474 75
474 76
474 77
474 78
474 189
474 190
474 191
475 74
475 75
475 76
475 77
475 78
475 189
475 190
475 191
476 74
476 75
476 77
476 78
476 189
476 190
476 191
477 74
477 75
477 76
477 77
477 190
478 74
478 75
478 76
478 77
478 189
478 190
479 73
479 74
479 75
479 76
479 77
479 188
479 189
479 190
480 73
480 74
480 75
480 76
480 77
480 188
480 189
480 190
481 73
481 74
481 75
481 76
481 77
481 188
481 189
481 190
482 74
482 75
482 76
482 77
482 188
482 189
483 73
483 74
483 75
483 76
483 77
483 188
483 189
484 73
484 74
484 75
484 76
484 77
484 188
484 189
485 73
485 74
485 75
485 76
485 77
485 187
485 188
485 189
486 73
486 74
486 75
486 76
486 77
486 187
486 188
486 189
487 72
487 73
487 74
487 75
487 76
487 77
487 187
487 188
488 72
488 73
488 74
488 75
488 77
488 187
488 188
489 72
489 73
489 74
489 75
489 76
489 77
489 187
489 188
490 72
490 73
490 74
490 75
490 76
490 186
490 187
490 188
491 72
491 73
491 75
491 76
491 77
491 186
491 187
491 188
492 71
492 72
492 73
492 74
492 75
492 76
492 77
492 186
492 187
493 71
493 72
493 74
493 75
493 76
493 186
493 187
494 71
494 72
494 73
494 74
494 75
494 76
494 186
494 187
495 70
495 71
495 73
495 74
495 75
495 76
495 185
495 186
495 187
496 70
496 71
496 72
496 74
496 75
496 76
496 185
496 186
496 187
497 70
497 71
497 72
497 73
497 74
497 75
497 76
497 185
497 186
498 70
498 71
498 72
498 73
498 74
498 75
498 76
498 185
498 186
499 70
499 71
499 72
499 73
499 74
499 75
499 76
499 185
499 186
500 70
500 71
500 72
500 73
500 74
500 75
500 76
500 184
500 185
500 186
501 70
501 71
501 72
501 73
501 74
501 75
501 184
501 185
501 186
502 70
502 71
502 72
502 73
502 74
502 75
502 184
502 185
503 70
503 72
503 73
503 74
503 75
503 184
503 185
504 70
504 71
504 72
504 74
504 75
504 184
504 185
505 70
505 71
505 72
505 73
505 74
505 75
505 183
505 184
505 185
506 70
506 71
506 72
506 73
506 74
506 183
506 184
507 70
507 71
507 72
507 73
507 74
507 183
507 184
508 71
508 72
508 73
508 74
508 183
508 184
509 71
509 72
509 73
509 74
509 183
509 184
510 71
510 72
510 73
510 74
510 182
510 183
510 184
511 71
511 72
511 73
511 182
511 183
512 71
512 72
512 73
512 183
513 71
513 72
513 182
513 183
514 71
514 72
514 181
514 182
514 183
515 71
515 181
515 182
516 181
516 182
517 181
517 182
518 181
518 182
519 180
519 181
519 182
520 180
521 180
521 181
522 180
522 181
523 179
523 180
523 181
524 179
524 180
525 179
525 180
526 179
526 180
527 179
527 180
528 178
528 179
529 178
529 179
530 178
530 179
531 178
531 179
532 177
532 178
532 179
533 177
533 178
534 177
534 178
535 177
536 177
536 178
537 176
537 177
538 177
539 176
539 177
540 177
541 175
541 176
542 175
542 176
543 175
543 176
544 176
545 174
545 175
546 174
546 175
547 174
547 175
548 174
548 175
549 173
549 174
550 173
550 174
551 173
551 174
553 172
553 173
554 172
554 173
555 172
555 173
556 172
557 171
557 172
558 171
558 172
559 171
559 172
560 171
561 170
561 171
562 170
562 171
563 170
563 171
564 169
564 170
565 169
565 170
566 169
566 170
567 169
568 168
569 168
569 169
570 168
570 169
571 168
572 167
572 168
573 167
573 168
574 167
575 167
575 183
576 166
576 167
577 166
577 167
578 166
578 182
579 165
579 166
580 166
581 165
581 181
582 165
583 164
583 165
584 165
584 180
585 164
586 163
586 164
587 163
587 164
588 163
589 163
590 162
590 163
591 162
592 177
593 161
593 162
594 161
594 162
595 161
595 176
596 160
596 161
597 160
597 161
598 160
599 160
600 159
600 160
601 159
602 159
603 158
603 159
603 173
604 158
605 158
606 157
606 158
607 157
608 157
608 171
609 156
609 157
610 156
611 156
612 155
612 156
613 155
613 156
613 169
614 155
615 154
615 155
616 154
616 155
617 154
618 153
618 154
619 153
619 154
620 153
621 152
621 153
621 166
622 152
623 152
624 151
624 152
625 151
626 151
627 150
627 151
628 150
629 150
630 149
630 150
631 149
632 149
633 148
633 149
633 161
634 148
635 148
636 147
636 148
637 147
638 147
638 159
639 146
639 147
640 146
641 146
642 145
643 145
643 157
644 144
644 145
645 144
645 156
646 144
647 143
647 144
648 143
649 143
650 142
650 154
651 142
652 142
652 153
654 141
655 140
655 141
656 140
657 140
658 139
659 139
659 150
660 138
660 139
661 138
661 149
662 138
663 137
664 137
665 137
666 136
667 136
668 135
668 146
669 135
670 135
670 145
671 134
672 134
673 133
674 133
676 132
677 132
678 131
679 131
679 141
680 130
681 130
681 140
682 130
683 129
683 139
684 129
685 128
685 138
686 128
688 127
690 126
691 126
692 125
693 125
695 124
696 124
697 123
698 123
699 122
700 122
701 121
702 121
704 120
705 120
706 119
707 119
708 118
709 118
710 117
711 117
713 116
715 115
719 113
721 112
722 112
723 111
724 111
725 110
726 110
727 109
728 109
729 108
730 108
731 107
731 115
732 107
733 106
733 114
734 106
735 105
737 104
738 104
739 103
740 103
741 102
742 102
743 101
744 101
744 108
746 100
746 107
747 99
749 98
749 197
751 97
753 96
753 103
755 95
755 102
755 190
757 94
758 93
759 93
760 92
761 92
761 183
762 91
762 98
764 90
766 89
768 88
769 87
770 87
771 86
772 171
773 85
774 91
775 84
777 83
778 82
779 82
779 88
780 81
782 80
785 78
787 77
789 76
789 82
790 75
791 75
792 74
794 73
794 79
795 148
796 72
797 71
799 70
801 69
802 68
802 74
804 67
805 66
807 65
809 64
810 63
812 62
813 67
815 60
817 59
818 58
820 57
821 56
823 55
824 54
826 53
827 52
829 51
832 49
835 47
838 45
839 44
840 49
841 43
842 42
844 41
845 40
847 39
848 38
851 36
854 34
855 33
857 32
858 31
861 29
862 28
863 90
864 27
864 32
865 26
866 25
868 24
869 23
872 21
873 20
876 18
877 17
880 15
881 14
885 11
889 8
890 7
893 5
894 4
895 3
898 1
899 0
900 -1
903 -3
904 -4
905 -5
909 -8
910 -9
911 -10
915 -13
916 -14
917 -15
921 -18
922 -19
923 -20
929 -25
930 -26
931 -27
936 -31
937 -32
938 -33
939 -34
940 -35
946 -40
947 -41
1034 94
