0 342
2 357
2 358
3 359
4 347
4 360
5 361
5 362
6 350
6 362
6 363
7 365
8 365
8 366
9 366
9 367
10 368
10 369
11 369
11 370
12 371
13 372
14 373
14 374
15 374
15 375
16 363
16 376
16 377
17 377
17 378
18 378
18 379
139 115
140 116
141 117
143 118
144 119
145 120
148 122
149 123
153 126
154 127
158 130
159 131
161 133
163 134
165 136
166 137
168 138
171 141
173 142
174 143
180 148
183 150
188 154
202 165
212 49
213 49
213 174
214 49
214 50
215 49
215 50
215 175
216 49
216 50
216 176
217 50
217 51
217 177
218 50
218 51
219 51
220 51
220 52
220 179
221 51
221 52
222 51
222 52
222 182
223 52
223 53
224 52
224 53
224 182
225 53
226 53
226 185
227 53
228 53
228 54
229 54
230 55
231 54
231 55
232 55
232 56
232 188
233 55
233 56
233 189
234 55
234 56
234 191
235 55
236 56
236 57
236 191
237 56
237 57
238 56
238 57
239 57
239 58
239 193
240 57
240 58
240 194
241 57
241 58
242 58
242 59
243 58
243 59
243 93
243 196
244 59
244 197
245 58
245 59
245 60
246 59
246 60
247 59
247 60
247 199
248 59
248 60
248 200
249 60
250 60
250 61
250 201
251 60
252 61
252 203
253 61
253 62
254 61
254 62
254 204
255 61
255 62
255 63
256 63
256 230
257 62
257 63
257 206
258 63
258 207
259 40
259 63
259 64
260 40
260 63
260 64
260 208
261 63
261 64
261 209
262 41
262 63
262 64
262 65
262 210
263 64
263 65
263 210
264 64
264 65
264 211
265 64
265 65
265 212
266 42
266 65
267 42
267 65
267 66
267 213
268 65
268 214
269 65
269 66
270 66
270 67
270 215
271 66
271 67
271 216
272 66
272 67
273 66
273 67
273 217
274 67
274 68
274 218
275 67
275 68
276 67
276 68
276 219
277 69
277 220
278 68
278 69
279 45
279 68
279 69
279 221
280 68
280 69
280 222
281 68
281 69
281 70
282 69
282 70
282 223
283 69
283 70
283 224
284 69
284 70
284 71
284 224
285 69
285 70
285 71
285 225
286 226
287 70
287 71
287 226
288 70
288 72
289 70
289 71
289 72
290 71
290 72
290 228
291 71
291 72
291 229
292 71
292 72
292 73
293 71
293 72
293 73
293 230
294 72
294 73
294 231
295 72
295 73
295 231
296 72
296 73
296 74
296 234
297 72
297 73
297 74
298 73
298 74
298 233
299 73
299 74
300 73
300 74
301 73
301 74
301 75
302 74
302 75
302 235
303 74
303 75
303 236
304 75
304 76
304 239
305 74
305 75
305 76
306 75
306 76
306 238
307 75
307 76
308 75
308 77
308 239
309 76
309 77
309 242
310 75
310 76
310 77
310 240
311 76
311 77
312 77
312 78
312 241
313 76
313 77
313 78
313 242
314 76
314 77
314 78
314 245
315 77
315 78
315 243
316 77
316 243
316 244
317 77
317 78
317 79
318 77
318 78
318 79
319 77
319 78
319 79
319 245
320 78
320 79
321 78
321 79
321 80
322 78
322 79
322 80
323 78
323 79
323 80
324 79
324 80
325 79
325 80
325 81
326 79
326 80
326 81
326 249
327 79
327 80
327 81
328 79
328 80
328 81
329 80
329 81
330 80
330 81
331 80
331 81
331 82
332 80
332 81
332 82
333 80
333 81
333 82
333 253
334 81
334 82
334 83
335 81
335 82
335 83
336 81
336 82
336 83
337 81
337 83
337 254
338 81
338 82
338 83
339 83
339 84
340 82
340 83
340 84
341 82
341 83
341 84
342 82
342 83
342 84
343 83
343 84
344 83
344 84
345 83
345 84
345 85
346 83
346 84
346 85
347 83
347 84
347 85
348 83
348 84
348 85
349 84
349 85
349 86
350 84
350 85
350 86
351 84
351 85
351 86
352 84
352 85
352 86
353 84
353 85
353 86
353 87
354 86
354 87
354 262
355 85
355 86
355 87
356 85
356 86
356 87
357 86
357 87
358 85
358 87
358 88
359 86
359 88
360 86
360 87
360 88
361 87
361 88
362 86
362 87
362 88
363 86
363 87
363 88
364 87
364 88
364 89
365 87
365 89
366 87
366 88
366 89
367 87
367 88
368 87
368 88
368 89
369 87
369 88
369 89
369 90
370 87
370 88
370 89
370 90
371 88
371 89
371 90
372 88
372 89
372 90
373 88
373 89
373 90
374 88
374 89
374 90
374 91
375 88
375 89
375 90
375 91
375 271
375 272
376 89
376 90
376 91
377 89
377 90
377 91
378 89
378 90
378 91
379 89
379 90
379 91
379 92
379 273
379 274
380 89
380 90
380 91
380 92
381 89
381 90
381 91
381 92
381 274
381 275
382 90
382 92
382 274
382 275
383 90
383 91
383 92
384 90
384 91
385 90
385 91
385 92
385 93
385 275
386 90
386 91
386 92
386 93
387 91
387 92
387 93
388 91
388 92
388 93
388 277
389 91
389 92
389 93
389 278
390 91
390 92
390 93
391 91
391 92
391 93
391 94
391 278
391 279
392 91
392 92
392 93
392 94
392 279
393 91
393 92
393 93
393 94
393 278
393 280
394 91
394 92
394 93
394 94
394 280
395 92
395 93
395 94
395 280
396 92
396 93
396 94
396 95
396 279
396 280
396 281
397 92
397 94
397 95
397 280
398 92
398 93
398 94
398 280
399 92
399 93
399 94
399 95
399 281
399 282
400 92
400 93
400 94
400 95
400 282
401 93
401 94
401 95
402 94
402 95
402 96
402 281
402 282
402 283
403 93
403 94
403 95
403 96
404 93
404 94
404 95
404 96
404 282
404 284
405 93
405 94
405 95
405 96
405 283
406 93
406 94
406 95
406 96
406 283
406 284
407 93
407 94
407 95
407 96
407 284
407 285
408 94
408 95
408 96
408 97
408 284
408 285
409 95
409 96
409 97
409 284
409 285
410 94
410 95
410 96
410 97
410 284
410 285
411 94
411 95
411 96
411 97
411 284
411 285
411 286
412 94
412 95
412 96
412 97
412 285
412 286
413 94
413 95
413 96
413 97
413 285
413 286
413 287
414 95
414 96
414 97
414 286
414 287
415 95
415 96
415 97
415 98
415 287
416 95
416 96
416 97
416 98
416 287
416 288
417 95
417 96
417 97
417 98
417 287
417 288
418 95
418 96
418 97
418 98
418 287
419 95
419 96
419 97
419 98
419 287
419 289
420 95
420 96
420 97
420 99
420 287
420 288
421 96
421 97
421 98
421 99
421 288
422 96
422 97
422 98
422 99
422 289
423 96
423 97
423 98
423 99
423 288
423 290
424 96
424 97
424 98
424 99
424 290
425 97
425 98
425 99
425 289
426 96
426 97
426 99
426 290
426 291
427 96
427 97
427 98
427 99
427 100
427 289
427 290
427 291
428 96
428 97
428 98
428 99
428 100
428 291
428 292
429 97
429 98
429 99
429 291
430 97
430 98
430 99
430 100
430 290
430 291
430 292
431 97
431 98
431 99
431 100
432 97
432 98
432 99
432 100
432 293
433 98
433 99
433 100
433 101
433 293
434 97
434 98
434 99
434 100
434 101
434 291
434 292
435 98
435 99
435 100
435 101
435 292
436 98
436 99
436 100
436 101
436 292
436 293
436 294
437 98
437 99
437 100
437 101
437 292
437 293
438 98
438 99
438 100
438 101
438 293
438 294
438 295
439 98
439 99
439 100
439 101
439 293
439 294
439 295
440 98
440 99
440 100
440 101
440 102
440 294
440 295
441 100
441 101
441 102
441 295
442 101
442 102
442 294
442 296
443 102
443 295
444 296
445 294
445 295
445 296
445 297
446 295
447 295
447 296
447 297
448 295
448 296
448 297
449 296
449 297
450 296
450 297
450 298
451 297
451 298
452 296
452 297
452 299
453 297
453 298
453 299
454 297
454 298
454 299
455 297
455 298
455 299
456 297
456 298
456 300
457 300
458 298
458 299
458 300
459 298
459 299
460 298
460 299
460 301
461 299
461 300
461 301
462 299
462 300
462 301
463 300
463 301
464 299
464 301
464 302
465 300
465 301
465 302
466 301
467 302
467 303
468 300
468 301
469 301
469 302
469 303
470 303
471 301
471 302
471 303
472 301
472 302
472 303
472 304
473 301
473 304
474 302
474 303
474 304
475 303
475 304
475 305
476 302
476 303
476 305
477 302
477 303
478 302
478 303
478 305
479 303
479 304
479 305
480 303
480 304
480 305
480 306
481 304
481 305
481 306
482 304
482 305
482 306
484 304
484 305
484 306
484 307
485 304
485 306
485 307
486 305
486 306
486 307
487 305
487 306
487 307
488 305
488 306
488 307
488 308
489 305
489 306
489 308
490 306
490 307
490 308
491 307
491 308
492 308
492 309
493 308
493 309
494 307
494 308
494 309
496 308
496 309
497 308
497 309
497 310
