-78 182
-78 242
-78 304
-77 243
-77 305
-77 306
-76 185
-76 245
-76 307
-76 308
-75 186
-75 247
-75 308
-75 309
-75 310
-74 188
-74 248
-74 249
-74 310
-74 311
-73 189
-73 250
-73 311
-72 180
-72 191
-72 252
-71 192
-71 254
-70 183
-70 255
-70 256
-69 257
-68 186
-68 197
-68 259
-67 199
-67 261
-66 200
-66 263
-65 265
-64 204
-64 267
-63 194
-63 205
-63 269
-62 270
-62 271
-61 272
-61 273
-60 199
-60 274
-60 275
-59 212
-59 213
-59 276
-59 277
-58 278
-58 279
-57 280
-57 281
-56 206
-56 283
-55 285
-54 287
-53 223
-53 289
-52 225
-52 291
-51 227
-51 293
-50 229
-50 295
-50 296
-49 231
-49 298
-48 233
-48 300
-47 302
-46 304
-46 305
-45 307
-44 309
-43 244
-43 311
-43 312
-42 246
-42 314
-41 316
-41 317
-40 318
-40 319
-39 253
-39 321
-37 258
-35 263
65 299
68 304
69 306
70 308
71 309
71 310
72 254
72 311
72 312
73 255
73 313
74 256
74 257
74 314
74 315
75 257
75 258
75 316
75 317
76 258
76 259
76 318
76 319
77 259
77 260
77 320
78 260
78 261
78 322
79 261
79 262
79 324
80 263
80 264
81 264
81 265
82 265
82 266
83 266
83 267
84 267
84 268
85 268
85 269
86 269
86 270
87 270
87 271
88 272
88 273
89 273
89 274
90 274
90 275
91 275
91 276
92 276
92 277
93 277
93 278
94 278
94 279
94 280
95 280
95 281
96 281
96 282
97 282
97 283
98 283
98 284
99 284
99 285
100 285
100 286
101 286
101 287
101 288
102 288
102 289
103 289
103 290
104 290
104 291
105 291
105 292
106 292
106 293
107 293
107 294
108 294
108 295
108 296
109 295
109 296
109 297
110 296
110 297
110 298
111 298
111 299
112 182
112 299
112 300
113 300
113 301
114 183
114 301
114 302
115 184
115 302
115 303
116 303
116 304
116 305
117 185
117 304
117 305
117 306
118 186
118 305
118 306
118 307
119 186
119 306
119 307
119 308
120 187
120 307
120 308
120 309
121 188
121 309
121 310
122 188
122 310
122 311
123 189
123 311
123 312
124 189
124 190
124 312
124 313
125 190
125 313
125 314
126 314
127 191
127 192
128 192
129 192
130 193
130 194
132 194
133 195
133 196
134 195
135 196
136 198
137 197
138 162
138 198
139 198
139 200
140 163
140 199
141 163
142 200
142 202
143 164
143 201
144 201
145 165
145 202
145 204
146 203
147 166
147 203
148 166
148 204
148 206
149 167
149 204
149 207
150 167
150 205
151 168
151 206
151 208
152 168
152 206
152 209
153 207
154 169
154 207
154 210
155 169
155 208
156 170
156 209
157 170
157 209
157 212
158 171
158 210
159 171
159 210
159 211
160 172
160 211
161 172
161 212
162 172
162 212
163 173
163 213
164 173
164 213
164 214
165 174
165 214
166 174
166 215
167 175
167 215
168 175
168 216
169 176
169 217
170 176
170 217
171 176
171 177
171 218
172 177
172 218
172 219
173 177
173 178
173 219
174 178
174 220
175 178
175 220
176 179
176 221
177 179
177 221
177 222
178 180
178 222
179 180
179 223
180 180
180 181
180 223
181 181
181 224
182 181
182 182
182 224
182 225
183 182
183 225
184 182
184 183
184 226
185 183
185 226
185 227
186 183
186 184
186 227
187 184
187 227
187 228
188 184
188 228
189 184
189 185
189 229
190 185
190 229
190 230
191 185
191 186
191 230
192 186
192 230
192 231
193 186
193 187
193 231
193 232
194 187
194 232
195 187
195 188
195 232
195 233
196 188
196 233
197 188
197 234
198 188
198 189
198 234
198 235
199 189
199 235
200 189
200 190
200 235
200 236
201 190
201 236
201 237
202 190
202 191
202 237
203 191
203 237
203 238
204 191
204 192
204 238
205 192
205 238
205 239
206 192
206 193
206 239
206 240
207 148
207 192
207 193
207 240
208 148
208 193
208 194
208 240
208 241
209 148
209 149
209 193
209 194
209 241
209 242
210 148
210 149
210 194
210 195
210 241
210 242
211 148
211 149
211 194
211 195
211 242
211 243
212 148
212 149
212 150
212 195
212 243
213 148
213 149
213 150
213 195
213 196
213 243
213 244
214 148
214 149
214 150
214 196
214 244
214 245
215 148
215 150
215 151
215 196
215 197
215 244
215 245
216 148
216 150
216 151
216 196
216 197
216 245
216 246
217 148
217 151
217 197
217 198
217 246
217 247
218 148
218 151
218 197
218 198
218 246
218 247
219 148
219 198
219 199
219 247
219 248
220 148
220 198
220 199
220 248
221 148
221 152
221 199
221 200
221 248
221 249
222 148
222 152
222 199
222 200
222 249
222 250
223 200
223 201
223 249
223 250
224 200
224 201
224 250
224 251
225 201
225 202
225 251
225 252
226 201
226 202
226 251
226 252
227 201
227 202
227 203
227 252
227 253
228 202
228 203
228 252
228 253
229 202
229 203
229 253
229 254
230 203
230 204
231 203
231 204
232 204
232 205
233 204
233 205
234 205
234 206
235 205
235 206
236 206
236 207
237 206
237 207
238 207
238 208
239 207
239 208
240 207
240 208
240 209
241 208
241 209
242 208
242 209
242 210
243 209
243 210
244 209
244 210
244 211
245 210
245 211
246 210
246 211
246 212
247 211
247 212
248 211
248 212
248 213
249 212
249 213
250 212
250 213
250 214
251 213
251 214
252 213
252 214
252 215
253 213
253 214
253 215
254 214
254 215
254 216
255 214
255 215
255 216
256 215
256 216
257 215
257 216
257 217
258 216
258 217
259 216
259 217
259 218
260 217
260 218
261 217
261 218
261 219
262 218
262 219
263 218
