-5 365
4 367
8 368
12 369
19 371
22 372
29 374
32 375
35 376
36 376
38 377
41 378
44 379
47 380
52 382
57 384
62 208
62 386
63 206
63 207
64 204
64 205
64 206
65 202
65 203
65 204
65 205
66 201
66 202
66 203
66 204
67 200
67 201
67 202
68 198
68 199
68 200
68 201
69 197
69 198
69 199
69 200
70 196
70 197
70 198
70 199
71 194
71 195
71 196
71 197
72 193
72 194
72 195
72 196
73 191
73 192
73 193
73 194
74 190
74 191
74 192
74 193
75 188
75 189
75 190
75 191
76 187
76 188
76 189
76 190
77 185
77 186
77 187
77 188
78 183
78 184
78 185
78 186
283 380
284 379
285 379
286 378
286 379
287 377
287 378
288 376
288 377
288 378
289 376
289 377
290 375
290 376
290 377
291 374
291 375
291 376
292 373
292 374
292 375
292 376
293 373
293 374
293 375
294 372
294 373
294 374
294 375
295 371
295 372
295 373
295 374
296 371
296 372
296 373
297 370
297 371
297 372
297 373
298 369
298 370
298 371
298 372
299 369
299 370
299 371
299 372
300 368
300 369
300 370
300 371
301 367
301 368
301 369
301 370
301 371
302 366
302 367
302 368
302 369
302 370
303 366
303 367
303 368
303 369
304 365
304 366
304 367
304 368
304 369
305 364
305 365
305 367
305 368
306 364
306 367
306 368
307 363
307 364
307 366
307 367
308 362
308 363
308 366
308 367
309 361
309 362
309 365
309 366
310 361
310 364
310 365
311 360
311 361
311 364
311 365
312 359
312 360
312 363
312 364
313 358
313 359
313 363
313 364
314 358
314 362
314 363
315 357
315 358
315 362
316 356
316 357
316 361
316 362
317 355
317 356
317 360
317 361
318 355
318 360
318 361
319 354
319 355
319 359
319 360
320 353
320 354
320 359
321 352
321 353
321 358
321 359
322 352
322 358
323 351
323 352
323 357
323 358
324 350
324 351
324 356
324 357
325 349
325 350
325 356
325 357
326 349
326 355
326 356
326 615
326 616
326 617
326 618
327 348
327 355
327 612
327 613
327 614
327 615
327 616
327 617
327 618
328 347
328 348
328 354
328 355
328 608
328 609
328 610
328 611
328 612
328 613
328 614
328 615
328 616
328 617
328 618
328 619
329 346
329 347
329 354
329 606
329 607
329 608
329 609
329 610
329 611
329 612
329 613
329 614
329 615
329 616
329 617
329 618
329 619
330 346
330 353
330 354
330 603
330 604
330 605
330 606
330 607
330 608
330 609
330 610
330 611
330 612
330 613
330 614
330 615
330 616
330 617
330 618
331 345
331 352
331 353
331 601
331 602
331 603
331 604
331 605
331 606
331 607
331 608
331 609
331 610
331 611
331 612
331 613
331 614
332 344
332 345
332 352
332 598
332 599
332 600
332 601
332 602
332 603
332 604
332 605
332 606
332 607
332 608
332 609
332 610
332 611
333 343
333 344
333 351
333 352
333 596
333 597
333 598
333 599
333 600
333 601
333 602
333 603
333 604
333 605
333 606
333 607
333 608
334 342
334 343
334 351
334 594
334 595
334 596
334 597
334 598
334 599
334 600
334 601
334 602
334 603
334 604
334 605
335 342
335 350
335 351
335 593
335 594
335 595
335 596
335 597
335 598
335 599
335 600
335 601
335 602
335 603
336 341
336 349
336 350
336 591
336 592
336 593
336 594
336 595
336 596
336 597
336 598
336 599
336 600
336 601
337 340
337 341
337 349
337 590
337 591
337 592
337 593
337 594
337 595
337 596
337 597
337 598
337 599
338 339
338 340
338 348
338 349
338 589
338 590
338 591
338 592
338 593
338 594
338 595
338 596
338 597
339 338
339 339
339 348
339 589
339 590
339 591
339 592
339 593
339 594
339 595
340 338
340 347
340 348
340 589
340 590
340 591
340 592
340 593
341 337
341 346
341 347
341 589
341 590
341 591
341 592
342 336
342 337
342 346
342 589
342 590
343 335
343 336
343 345
343 346
343 589
344 334
344 335
344 345
345 334
345 344
345 345
346 333
346 343
346 344
347 332
347 333
347 343
348 331
348 332
348 342
348 343
349 330
349 331
349 342
350 329
350 330
350 341
350 342
351 329
351 340
351 341
352 328
352 340
353 327
353 328
353 339
353 340
354 326
354 327
354 338
354 339
355 325
355 326
355 338
355 339
356 324
356 325
356 337
356 338
357 324
357 337
358 323
358 336
358 337
359 335
359 336
360 322
360 335
361 334
361 335
362 334
363 333
363 334
364 332
364 333
365 332
366 331
366 332
367 330
367 331
368 330
368 331
369 329
369 330
370 329
371 328
371 329
372 327
372 328
373 327
373 328
374 326
374 327
375 325
375 326
376 325
376 326
377 324
377 325
378 324
379 323
379 324
380 322
380 323
381 322
381 323
382 321
382 322
383 320
383 321
384 320
384 321
385 319
385 320
386 319
386 320
387 318
387 319
388 317
388 318
389 317
389 318
390 316
390 317
391 315
391 316
392 315
392 316
393 314
393 315
394 314
394 315
395 313
395 314
396 312
396 313
397 312
397 313
398 311
398 312
399 310
399 311
400 310
400 311
401 309
401 310
402 309
402 310
403 308
403 309
404 307
404 308
405 307
405 308
406 306
406 307
407 305
407 306
407 307
408 305
408 306
409 304
409 305
410 303
410 304
410 305
411 303
411 304
412 302
412 303
413 302
413 303
414 301
414 302
415 300
415 301
415 302
416 300
416 301
417 299
417 300
418 298
418 299
418 300
419 298
419 299
420 297
420 298
421 296
421 297
421 298
422 296
422 297
423 295
423 296
423 297
424 294
424 295
424 296
425 294
425 295
426 293
426 294
426 295
427 293
427 294
428 292
428 293
429 291
429 292
429 293
430 291
430 292
431 290
431 291
431 292
432 289
432 290
432 291
433 289
433 290
434 288
434 289
434 290
435 287
435 288
435 289
436 287
436 288
437 286
437 287
437 288
438 286
438 287
439 285
439 286
439 287
440 284
440 285
440 286
