-101 130
-101 131
-101 132
-101 133
-101 134
-101 135
-101 136
-101 137
-101 138
-100 129
-100 130
-100 131
-100 132
-100 133
-100 134
-100 135
-100 136
-100 137
-99 129
-99 130
-99 131
-99 132
-99 133
-99 134
-99 135
-99 136
-99 137
-98 128
-98 129
-98 130
-98 131
-98 132
-98 133
-98 134
-98 135
-98 136
-97 128
-97 129
-97 130
-97 131
-97 132
-97 133
-97 134
-97 135
-97 136
-96 127
-96 128
-96 129
-96 130
-96 131
-96 132
-96 133
-96 134
-96 135
-96 350
-95 127
-95 128
-95 129
-95 130
-95 131
-95 132
-95 133
-95 134
-95 135
-94 126
-94 127
-94 128
-94 129
-94 130
-94 131
-94 132
-94 133
-94 134
-93 126
-93 127
-93 128
-93 129
-93 130
-93 131
-93 132
-93 133
-93 134
-92 125
-92 126
-92 127
-92 128
-92 129
-92 130
-92 131
-92 132
-92 133
-91 125
-91 126
-91 127
-91 128
-91 129
-91 130
-91 131
-91 132
-91 133
-90 124
-90 125
-90 126
-90 127
-90 128
-90 129
-90 130
-90 131
-90 132
-90 133
-89 124
-89 125
-89 126
-89 127
-89 128
-89 129
-89 130
-89 131
-89 132
-89 269
-88 124
-88 125
-88 126
-88 127
-88 128
-88 129
-88 130
-88 131
-88 132
-87 123
-87 124
-87 125
-87 126
-87 127
-87 128
-87 129
-87 130
-87 131
-86 123
-86 124
-86 125
-86 126
-86 127
-86 128
-86 129
-86 130
-86 131
-85 122
-85 123
-85 124
-85 125
-85 126
-85 127
-85 128
-85 129
-85 130
-84 122
-84 123
-84 124
-84 125
-84 126
-84 127
-84 128
-84 129
-84 130
-83 121
-83 122
-83 123
-83 124
-83 125
-83 126
-83 127
-83 128
-83 129
-82 121
-82 122
-82 123
-82 124
-82 125
-82 126
-82 127
-82 128
-82 129
-82 349
-81 120
-81 121
-81 122
-81 123
-81 124
-81 125
-81 126
-81 127
-81 128
-80 120
-80 121
-80 122
-80 123
-80 124
-80 125
-80 126
-80 127
-80 128
-80 267
-79 119
-79 120
-79 121
-79 122
-79 123
-79 124
-79 125
-79 126
-79 127
-78 119
-78 120
-78 121
-78 122
-78 123
-78 124
-78 125
-78 126
-78 127
-77 118
-77 119
-77 120
-77 121
-77 122
-77 123
-77 124
-77 125
-77 126
-76 118
-76 119
-76 120
-76 121
-76 122
-76 123
-76 124
-76 125
-76 126
-75 117
-75 118
-75 119
-75 120
-75 121
-75 122
-75 123
-75 124
-75 125
-74 117
-74 118
-74 119
-74 120
-74 121
-74 122
-74 123
-74 124
-74 125
-73 116
-73 117
-73 118
-73 119
-73 120
-73 121
-73 122
-73 123
-73 124
-72 116
-72 117
-72 118
-72 119
-72 120
-72 121
-72 122
-72 123
-72 124
-71 115
-71 116
-71 117
-71 118
-71 119
-71 120
-71 121
-71 122
-71 123
-70 115
-70 116
-70 117
-70 118
-70 119
-70 120
-70 121
-70 122
-70 123
-69 114
-69 115
-69 116
-69 117
-69 118
-69 119
-69 120
-69 121
-69 122
-68 114
-68 115
-68 116
-68 117
-68 118
-68 119
-68 120
-68 121
-68 122
-67 113
-67 114
-67 115
-67 116
-67 117
-67 118
-67 119
-67 120
-67 121
-67 348
-66 113
-66 114
-66 115
-66 116
-66 117
-66 118
-66 119
-66 120
-66 121
-65 112
-65 113
-65 114
-65 115
-65 116
-65 117
-65 118
-65 119
-65 120
-64 112
-64 113
-64 114
-64 115
-64 116
-64 117
-64 118
-64 119
-64 120
-63 111
-63 112
-63 113
-63 114
-63 115
-63 116
-63 117
-63 118
-63 119
-63 263
-62 111
-62 112
-62 113
-62 114
-62 115
-62 116
-62 117
-62 118
-62 119
-61 110
-61 111
-61 112
-61 113
-61 114
-61 115
-61 116
-61 117
-61 118
-60 110
-60 111
-60 112
-60 113
-60 114
-60 115
-60 116
-60 117
-60 118
-59 109
-59 110
-59 111
-59 112
-59 113
-59 114
-59 115
-59 116
-59 117
-58 109
-58 110
-58 111
-58 112
-58 113
-58 114
-58 115
-58 116
-58 117
-57 108
-57 109
-57 110
-57 111
-57 112
-57 113
-57 114
-57 115
-57 116
-56 108
-56 109
-56 110
-56 111
-56 112
-56 113
-56 114
-56 115
-56 116
-55 107
-55 108
-55 109
-55 110
-55 111
-55 112
-55 113
-55 114
-55 115
-54 107
-54 108
-54 109
-54 110
-54 111
-54 112
-54 113
-54 114
-54 115
-53 106
-53 107
-53 108
-53 109
-53 110
-53 111
-53 112
-53 113
-53 114
-53 115
-52 106
-52 107
-52 108
-52 109
-52 110
-52 111
-52 112
-52 113
-52 114
-52 347
-51 105
-51 106
-51 107
-51 108
-51 109
-51 110
-51 111
-51 112
-51 113
-50 105
-50 106
-50 107
-50 108
-50 109
-50 110
-50 111
-50 112
-50 113
-49 104
-49 105
-49 106
-49 107
-49 108
-49 109
-49 110
-49 111
-49 112
-48 104
-48 105
-48 106
-48 107
-48 108
-48 109
-48 110
-48 111
-48 112
-47 103
-47 104
-47 105
-47 106
-47 107
-47 108
-47 109
-47 110
-47 111
-46 103
-46 104
-46 105
-46 106
-46 107
-46 108
-46 109
-46 110
-46 111
-45 102
-45 103
-45 104
-45 105
-45 106
-45 107
-45 108
-45 109
-45 110
-44 102
-44 103
-44 104
-44 105
-44 106
-44 107
-44 108
-44 109
-44 110
-43 101
-43 102
-43 103
-43 104
-43 105
-43 106
-43 107
-43 108
-43 109
-42 100
-42 101
-42 102
-42 103
-42 104
-42 105
-42 106
-42 107
-42 108
-42 109
-41 100
-41 101
-41 102
-41 103
-41 104
-41 105
-41 106
-41 107
-41 108
-40 99
-40 100
-40 101
-40 102
-40 103
-40 104
-40 105
-40 106
-40 107
-40 108
-39 99
-39 100
-39 101
-39 102
-39 103
-39 104
-39 105
-39 106
-39 107
-39 257
-38 98
-38 99
-38 100
-38 101
-38 102
-38 103
-38 104
-38 105
-38 106
-38 107
-37 98
-37 99
-37 100
-37 101
-37 102
-37 103
-37 104
-37 105
-37 106
-36 97
-36 98
-36 99
-36 100
-36 101
-36 102
-36 103
-36 104
-36 105
-36 106
-35 97
-35 98
-35 99
-35 100
-35 101
-35 102
-35 103
-35 104
-35 105
-34 96
-34 97
-34 98
-34 99
-34 100
-34 101
-34 102
-34 103
-34 104
-34 105
-33 96
-33 97
-33 98
-33 99
-33 100
-33 101
-33 102
-33 103
-33 104
-32 95
-32 96
-32 97
-32 98
-32 99
-32 100
-32 101
-32 102
-32 103
-32 104
-31 95
-31 96
-31 97
-31 98
-31 99
-31 100
-31 101
-31 102
-31 103
-30 94
-30 95
-30 96
-30 97
-30 98
-30 99
-30 100
-30 101
-30 102
-30 103
-29 94
-29 95
-29 96
-29 97
-29 98
-29 99
-29 100
-29 101
-29 102
-28 93
-28 94
-28 95
-28 96
-28 97
-28 98
-28 99
-28 100
-28 101
-28 102
-27 93
-27 94
-27 95
-27 96
-27 97
-27 98
-27 99
-27 100
-27 101
-26 92
-26 93
-26 94
-26 95
-26 96
-26 97
-26 98
-26 99
-26 100
-26 101
-25 92
-25 93
-25 94
-25 95
-25 96
-25 97
-25 98
-25 99
-25 100
-25 622
-24 91
-24 92
-24 93
-24 94
-24 95
-24 96
-24 97
-24 98
-24 99
-24 100
-23 91
-23 92
-23 93
-23 94
-23 95
-23 96
-23 97
-23 98
-23 99
-23 623
-22 90
-22 91
-22 92
-22 93
-22 94
-22 95
-22 96
-22 97
-22 98
-22 99
-22 623
-21 90
-21 91
-21 92
-21 93
-21 94
-21 95
-21 96
-21 97
-21 98
-21 623
-21 624
-20 89
-20 90
-20 91
-20 92
-20 93
-20 94
-20 95
-20 96
-20 97
-20 98
-20 623
-20 624
-19 89
-19 90
-19 91
-19 92
-19 93
-19 94
-19 95
-19 96
-19 97
-19 623
-19 624
-18 88
-18 89
-18 90
-18 91
-18 92
-18 93
-18 94
-18 95
-18 96
-18 97
-18 624
-18 625
-17 87
-17 88
-17 89
-17 90
-17 91
-17 92
-17 93
-17 94
-17 95
-17 96
-17 624
-17 625
-16 87
-16 88
-16 89
-16 90
-16 91
-16 92
-16 93
-16 94
-16 95
-16 96
-16 624
-16 625
-16 626
-15 86
-15 87
-15 88
-15 89
-15 90
-15 91
-15 92
-15 93
-15 94
-15 95
-15 624
-15 625
-15 626
-14 86
-14 87
-14 88
-14 89
-14 90
-14 91
-14 92
-14 93
-14 94
-14 95
-14 624
-14 625
-14 626
-13 85
-13 86
-13 87
-13 88
-13 89
-13 90
-13 91
-13 92
-13 93
-13 94
-13 625
-13 626
-13 627
-12 85
-12 86
-12 87
-12 88
-12 89
-12 90
-12 91
-12 92
-12 93
-12 625
-12 626
-12 627
-11 84
-11 85
-11 86
-11 87
-11 88
-11 89
-11 90
-11 91
-11 92
-11 93
-11 625
-11 626
-11 627
-11 628
-10 84
-10 85
-10 86
-10 87
-10 88
-10 89
-10 90
-10 91
-10 92
-10 625
-10 626
-10 627
-10 628
-9 83
-9 84
-9 85
-9 86
-9 87
-9 88
-9 89
-9 90
-9 91
-9 92
-9 625
-9 626
-9 627
-9 628
-8 83
-8 84
-8 85
-8 86
-8 87
-8 88
-8 89
-8 90
-8 91
-8 625
-8 626
-8 627
-8 628
-8 629
-7 82
-7 83
-7 84
-7 85
-7 86
-7 87
-7 88
-7 89
-7 90
-7 91
-7 626
-7 627
-7 628
-7 629
-6 82
-6 83
-6 84
-6 85
-6 86
-6 87
-6 88
-6 89
-6 90
-6 626
-6 627
-6 628
-6 629
-5 81
-5 82
-5 83
-5 84
-5 85
-5 86
-5 87
-5 88
-5 89
-5 90
-5 626
-5 627
-5 628
-5 629
-4 80
-4 81
-4 82
-4 83
-4 84
-4 85
-4 86
-4 87
-4 88
-4 89
-4 344
-4 626
-4 627
-4 628
-4 629
-3 80
-3 81
-3 82
-3 83
-3 84
-3 85
-3 86
-3 87
-3 88
-3 89
-3 247
-3 626
-3 627
-3 628
-3 629
-2 79
-2 80
-2 81
-2 82
-2 83
-2 84
-2 85
-2 86
-2 87
-2 88
-2 627
-2 628
-2 629
-2 630
-1 79
-1 80
-1 81
-1 82
-1 83
-1 84
-1 85
-1 86
-1 87
-1 88
-1 627
-1 628
-1 629
-1 630
0 78
0 79
0 80
0 81
0 82
0 83
0 84
0 85
0 86
0 87
0 627
0 628
0 629
0 630
1 78
1 79
1 80
1 81
1 82
1 83
1 84
1 85
1 86
1 87
1 628
1 629
1 630
2 77
2 78
2 79
2 80
2 81
2 82
2 83
2 84
2 85
2 86
2 628
2 629
2 630
3 77
3 78
3 79
3 80
3 81
3 82
3 83
3 84
3 85
3 629
3 630
3 631
4 76
4 77
4 78
4 79
4 80
4 81
4 82
4 83
4 84
4 85
4 629
4 630
4 631
5 76
5 77
5 78
5 79
5 80
5 81
5 82
5 83
5 84
5 629
5 630
5 631
6 75
6 76
6 77
6 78
6 79
6 80
6 81
6 82
6 83
6 84
6 630
6 631
7 74
7 75
7 76
7 77
7 78
7 79
7 80
7 81
7 82
7 83
7 630
7 631
8 74
8 75
8 76
8 77
8 78
8 79
8 80
8 81
8 82
8 83
8 631
9 73
9 74
9 75
9 76
9 77
9 78
9 79
9 80
9 81
9 82
9 631
9 632
10 73
10 74
10 75
10 76
10 77
10 78
10 79
10 80
10 81
10 82
10 631
10 632
11 72
11 73
11 74
11 75
11 76
11 77
11 78
11 79
11 80
11 81
11 632
12 72
12 73
12 74
12 75
12 76
12 77
12 78
12 79
12 80
12 81
12 632
13 71
13 72
13 73
13 74
13 75
13 76
13 77
13 78
13 79
13 80
13 343
14 71
14 72
14 73
14 74
14 75
14 76
14 77
14 78
14 79
14 80
15 70
15 71
15 72
15 73
15 74
15 75
15 76
15 77
15 78
15 79
15 633
16 70
16 71
16 72
16 73
16 74
16 75
16 76
16 77
16 78
17 69
17 70
17 71
17 72
17 73
17 74
17 75
17 76
17 77
17 78
18 68
18 69
18 70
18 71
18 72
18 73
18 74
18 75
18 76
18 77
19 68
19 69
19 70
19 71
19 72
19 73
19 74
19 75
19 76
19 77
20 67
20 68
20 69
20 70
20 71
20 72
20 73
20 74
20 75
20 76
21 67
21 68
21 69
21 70
21 71
21 72
21 73
21 74
21 75
21 76
22 66
22 67
22 68
22 69
22 70
22 71
22 72
22 73
22 74
22 75
23 66
23 67
23 68
23 69
23 70
23 71
23 72
23 73
23 74
23 75
24 65
24 66
24 67
24 68
24 69
24 70
24 71
24 72
24 73
24 74
25 65
25 66
25 67
25 68
25 69
25 70
25 71
25 72
25 73
25 74
26 64
26 65
26 66
26 67
26 68
26 69
26 70
26 71
26 72
26 73
27 63
27 64
27 65
27 66
27 67
27 68
27 69
27 70
27 71
27 72
28 63
28 64
28 65
28 66
28 67
28 68
28 69
28 70
28 71
28 72
29 62
29 63
29 64
29 65
29 66
29 67
29 68
29 69
29 70
29 71
30 62
30 63
30 64
30 65
30 66
30 67
30 68
30 69
30 70
30 71
31 61
31 62
31 63
31 64
31 65
31 66
31 67
31 68
31 69
31 70
31 342
32 61
32 62
32 63
32 64
32 65
32 66
32 67
32 68
32 69
32 70
33 60
33 61
33 62
33 63
33 64
33 65
33 66
33 67
33 68
33 69
34 59
34 60
34 61
34 62
34 63
34 64
34 65
34 66
34 67
34 68
34 69
35 59
35 60
35 61
35 62
35 63
35 64
35 65
35 66
35 67
35 68
36 58
36 59
36 60
36 61
36 62
36 63
36 64
36 65
36 66
36 67
37 58
37 59
37 60
37 61
37 62
37 63
37 64
37 65
37 66
37 67
38 57
38 58
38 59
38 60
38 61
38 62
38 63
38 64
38 65
38 66
39 57
39 58
39 59
39 60
39 61
39 62
39 63
39 64
39 65
39 66
40 56
40 57
40 58
40 59
40 60
40 61
40 62
40 63
40 64
40 65
41 56
41 57
41 58
41 59
41 60
41 61
41 62
41 63
41 64
41 65
42 55
42 56
42 57
42 58
42 59
42 60
42 61
42 62
42 63
42 64
43 54
43 55
43 56
43 57
43 58
43 59
43 60
43 61
43 62
43 63
43 64
44 54
44 55
44 56
44 57
44 58
44 59
44 60
44 61
44 62
44 63
45 53
45 54
45 55
45 56
45 57
45 58
45 59
45 60
45 61
45 62
46 53
46 54
46 55
46 56
46 57
46 58
46 59
46 60
46 61
46 62
47 52
47 53
47 54
47 55
47 56
47 57
47 58
47 59
47 60
47 61
48 52
48 53
48 54
48 55
48 56
48 57
48 58
48 59
48 60
48 61
49 51
49 52
49 53
49 54
49 55
49 56
49 57
49 58
49 59
49 60
49 341
50 51
50 52
50 53
50 54
50 55
50 56
50 57
50 58
50 59
50 60
51 51
51 52
51 53
51 54
51 55
51 56
51 57
51 58
51 59
52 50
52 51
52 52
52 53
52 54
52 55
52 56
52 57
52 58
53 50
53 51
53 52
53 53
53 54
53 55
53 56
53 57
53 58
54 50
54 51
54 52
54 53
54 54
54 55
54 56
54 57
55 50
55 51
55 52
55 53
55 54
55 55
55 56
55 57
56 50
56 51
56 52
56 53
56 54
56 55
56 56
57 50
57 51
57 52
57 53
57 54
57 55
57 56
58 50
58 51
58 52
58 53
58 54
58 55
59 50
59 51
59 52
59 53
59 54
60 49
60 50
60 51
60 52
60 53
60 54
61 49
61 50
61 51
61 52
61 53
62 49
62 50
62 51
62 52
62 53
62 226
63 49
63 50
63 51
63 52
64 49
64 50
64 51
64 52
65 49
65 50
65 51
66 49
66 50
67 49
67 50
67 340
68 49
69 49
70 48
84 218
86 339
92 215
104 338
123 337
132 199
139 196
141 336
153 190
158 335
171 182
175 334
182 177
191 333
197 170
199 169
206 332
220 331
233 330
234 330
246 329
258 328
259 328
270 327
281 326
291 325
356 333
357 333
358 333
359 333
360 333
361 333
366 332
367 332
368 332
369 332
370 332
371 332
372 332
373 332
374 332
378 331
379 331
380 331
381 331
382 331
383 331
384 331
385 331
388 330
389 330
390 330
391 330
392 330
393 330
