-133 475
-132 154
-132 475
-131 475
-130 475
-129 475
-128 475
-127 475
-123 151
-122 475
-120 451
-117 154
-115 121
-115 148
-115 204
-112 120
-112 123
-110 119
-106 117
-105 116
-104 116
-102 115
-99 114
-97 113
-95 112
-93 111
-91 110
-90 101
-89 109
-88 137
-87 108
-87 111
-86 99
-86 107
-86 550
-85 107
-84 98
-83 106
-82 106
-79 104
-78 104
-76 103
-76 553
-75 478
-74 102
-72 101
-68 99
-66 98
-66 134
-65 97
-64 97
-63 87
-63 96
-62 96
-61 86
-61 95
-60 95
-59 85
-59 94
-59 95
-58 84
-58 94
-57 94
-56 93
-54 92
-53 583
-52 561
-51 91
-51 564
-50 90
-49 90
-48 89
-47 89
-45 88
-44 77
-43 87
-42 76
-41 86
-40 75
-39 568
-37 84
-35 83
-33 82
-31 81
-29 69
-29 80
-27 68
-27 79
-26 67
-25 78
-23 77
-19 75
-18 74
-17 74
-16 73
-15 73
-14 61
-14 72
-13 60
-13 72
-12 71
-11 59
-10 59
-9 69
-8 69
-7 68
-7 69
-5 67
-5 68
-2 66
111 576
142 608
142 609
143 609
144 610
145 611
146 612
147 613
152 619
153 620
156 622
187 556
188 559
190 559
197 566
198 578
207 555
207 556
208 558
209 556
209 560
209 561
210 556
210 557
210 558
210 559
210 563
211 557
211 558
211 559
211 560
211 562
212 557
212 559
212 560
212 561
212 562
212 563
212 564
212 567
213 558
213 559
213 560
213 561
213 562
213 564
213 565
213 566
213 569
214 563
214 564
214 565
214 566
214 567
214 568
214 571
215 566
215 567
215 568
215 569
215 570
216 568
216 569
216 570
216 571
216 572
216 574
217 570
217 571
217 572
217 573
217 574
217 576
217 591
218 570
218 573
218 574
218 575
218 576
218 578
219 572
219 574
219 575
219 576
219 577
220 576
220 577
220 578
220 579
220 581
221 579
221 580
221 581
222 580
222 581
222 583
223 582
223 583
223 584
223 585
224 582
224 584
224 585
224 586
225 584
225 586
225 587
225 590
226 586
226 589
226 590
227 588
227 590
227 591
228 590
228 591
228 593
228 595
229 592
229 593
229 594
229 595
229 597
230 595
230 596
231 597
231 598
231 599
244 539
252 542
253 542
254 542
259 543
269 545
270 545
271 545
290 512
292 491
292 512
294 512
297 516
299 519
301 519
302 524
303 526
305 526
308 525
311 196
312 526
312 528
313 200
313 530
314 525
314 529
315 412
315 527
315 530
322 411
327 443
329 137
331 201
335 203
340 202
345 408
345 439
349 174
354 206
354 207
355 204
355 207
356 204
359 201
359 204
359 208
360 199
360 200
360 207
361 200
361 406
362 200
362 208
363 200
363 204
363 208
364 200
364 204
364 208
365 204
365 208
366 200
366 204
367 200
367 204
368 199
368 200
368 204
369 199
369 405
371 207
373 208
374 208
378 404
379 401
383 420
386 403
387 403
397 293
