388 108
388 109
389 109
389 110
390 109
390 110
390 111
390 112
391 111
391 112
392 111
392 112
393 111
393 112
394 111
394 112
395 112
396 112
396 113
397 114
397 115
398 113
398 114
398 115
398 116
399 113
399 114
399 115
399 116
399 117
399 118
400 113
400 114
400 115
400 116
400 117
400 118
400 119
401 113
401 114
401 115
401 117
401 118
401 119
401 120
402 113
402 115
402 116
402 117
402 118
402 119
402 120
403 114
403 115
403 116
403 117
403 118
403 119
403 120
403 121
404 114
404 115
404 116
404 117
404 118
404 119
404 120
404 121
405 114
405 115
405 117
405 118
405 119
405 120
405 121
405 543
405 544
406 115
406 116
406 117
406 118
406 119
406 120
406 542
407 115
407 116
407 117
407 118
407 119
407 120
407 121
407 542
407 543
408 116
408 117
408 118
408 119
408 120
408 541
408 542
409 116
409 117
409 118
409 119
409 120
409 121
409 541
409 542
410 117
410 118
410 119
410 120
410 121
410 122
410 541
411 117
411 118
411 120
411 121
411 122
411 541
412 118
412 119
412 120
412 122
412 540
413 118
413 119
413 120
413 121
413 123
413 538
413 539
414 119
414 120
414 121
414 122
414 123
414 537
414 538
414 539
414 540
415 119
415 120
415 122
415 123
415 124
415 535
415 536
415 538
415 539
415 540
416 120
416 121
416 122
416 124
416 535
416 536
416 537
416 538
416 539
416 540
417 120
417 121
417 122
417 123
417 124
417 125
417 534
417 535
417 536
417 537
417 538
417 539
417 540
418 121
418 122
418 123
418 125
418 534
418 535
418 536
418 537
418 538
418 539
418 540
419 121
419 122
419 123
419 124
419 125
419 126
419 533
419 534
419 535
419 536
419 537
419 538
419 539
420 122
420 123
420 124
420 125
420 126
420 534
420 535
420 536
420 537
420 538
420 539
421 122
421 123
421 124
421 125
421 126
421 127
421 533
421 534
421 535
421 536
421 537
421 538
422 122
422 123
422 124
422 126
422 127
422 532
422 533
422 534
422 535
422 536
422 537
422 538
423 122
423 123
423 124
423 125
423 126
423 127
423 128
423 532
423 533
423 534
423 535
423 536
424 122
424 123
424 124
424 125
424 126
424 127
424 128
424 532
424 533
424 535
424 536
424 537
425 123
425 124
425 125
425 126
425 127
425 128
425 129
425 532
425 533
425 534
425 535
425 536
426 122
426 123
426 124
426 125
426 126
426 127
426 128
426 532
426 533
426 534
426 535
426 536
427 123
427 124
427 126
427 127
427 128
427 129
427 532
427 533
427 534
427 535
428 123
428 124
428 125
428 126
428 127
428 128
428 129
428 531
428 532
428 533
428 534
428 535
429 124
429 125
429 127
429 128
429 129
429 140
429 531
429 532
429 533
429 534
430 124
430 125
430 127
430 128
430 129
430 530
430 531
430 533
430 534
431 125
431 126
431 127
431 128
431 129
431 130
431 530
431 531
431 532
431 533
432 125
432 126
432 127
432 128
432 129
432 130
432 529
432 530
432 531
432 532
432 533
433 126
433 127
433 128
433 129
433 130
433 529
433 531
433 532
434 126
434 127
434 128
434 129
434 130
434 131
434 528
434 530
434 531
434 532
435 127
435 128
435 129
435 130
435 528
435 529
435 531
436 130
436 131
436 527
436 528
436 529
436 531
437 131
437 132
437 143
437 527
437 528
437 529
437 530
437 531
438 131
438 132
438 133
438 526
438 527
438 528
438 529
438 530
438 531
439 131
439 132
439 133
439 526
439 528
439 529
439 530
439 531
440 131
440 132
440 133
440 134
440 144
440 525
440 526
440 527
440 528
440 529
440 530
440 531
441 131
441 132
441 133
441 134
441 525
441 527
441 528
441 529
441 530
442 525
442 526
442 528
442 529
442 530
443 525
443 526
443 528
443 529
444 525
444 526
444 527
444 528
445 525
445 526
445 527
445 528
446 525
447 524
447 525
448 523
448 524
449 523
449 524
450 148
450 522
450 523
450 524
451 510
454 506
459 507
463 504
468 568
469 568
471 567
472 564
472 565
472 566
473 561
473 562
473 563
473 564
473 565
473 566
473 567
474 559
474 560
474 561
474 562
474 564
474 565
475 559
475 560
475 561
475 562
475 563
475 564
476 559
476 560
476 561
476 562
477 559
477 560
477 561
477 562
478 558
478 559
478 560
478 561
479 558
479 559
480 557
480 558
481 556
481 557
481 558
482 120
482 121
482 555
482 556
482 557
482 558
483 121
483 554
483 555
483 556
483 557
483 558
484 553
484 554
484 555
484 556
485 552
485 553
485 554
485 555
485 556
485 557
486 551
486 552
486 553
486 554
486 555
486 556
486 557
487 122
487 550
487 551
487 552
487 553
487 554
487 556
487 557
488 122
488 123
488 124
488 125
488 549
488 550
488 551
488 552
488 553
488 554
488 555
489 123
489 124
489 125
489 126
489 127
489 549
489 550
489 551
489 552
489 553
489 554
490 124
490 125
490 126
490 127
490 128
490 129
490 549
490 550
490 551
490 552
490 553
491 125
491 127
491 128
491 129
491 550
491 551
491 552
492 126
492 127
492 128
492 129
492 549
492 550
492 551
493 127
493 128
493 129
493 130
493 548
493 549
493 550
494 128
494 129
494 130
494 547
494 548
495 129
495 130
495 546
495 547
495 548
496 130
496 131
496 545
496 546
496 547
497 131
497 132
497 544
497 545
497 546
497 547
498 130
498 131
498 133
498 533
498 544
498 545
498 546
498 547
498 548
499 131
499 132
499 133
499 134
499 135
499 542
499 543
499 544
499 546
499 547
499 548
500 131
500 133
500 134
500 135
500 136
500 541
500 542
500 543
500 544
500 546
500 547
501 131
501 132
501 133
501 135
501 136
501 137
501 532
501 540
501 542
501 543
501 544
501 545
501 546
502 133
502 134
502 135
502 136
502 540
502 541
502 542
502 543
502 544
503 134
503 135
503 136
503 137
503 541
503 542
503 543
503 544
504 135
504 136
504 138
504 540
505 137
505 138
506 137
506 138
506 531
506 539
507 138
507 139
507 538
507 539
508 138
508 139
508 537
508 538
508 539
509 138
509 139
509 140
509 141
510 139
510 140
510 141
511 139
511 140
511 141
511 142
511 143
512 140
512 141
512 142
512 143
512 144
513 141
513 142
513 143
513 144
513 145
514 144
514 145
515 100
517 101
517 102
517 146
518 146
518 147
521 103
521 104
521 105
521 106
522 104
522 105
522 106
522 107
522 108
522 109
522 110
522 111
523 106
523 107
523 108
523 109
523 110
524 108
524 109
524 110
524 111
524 112
525 110
525 111
526 112
527 550
528 112
528 113
528 114
529 113
529 115
529 116
529 166
530 113
530 114
530 115
530 116
530 118
530 167
531 113
531 114
531 116
531 117
531 118
531 119
531 120
532 115
532 117
532 118
532 119
532 120
532 121
532 547
532 548
533 117
533 118
533 119
533 120
533 121
533 544
533 545
533 546
533 547
534 118
534 119
534 120
534 121
534 540
534 541
534 542
534 543
534 544
534 545
535 120
535 540
535 541
535 543
536 540
536 541
537 123
538 123
538 124
538 125
539 122
539 123
539 125
539 126
539 537
539 538
539 539
540 122
540 124
540 125
540 126
540 127
540 128
540 535
540 536
540 538
540 539
541 124
541 126
541 127
541 128
541 129
541 535
541 536
541 537
541 538
541 539
542 125
542 127
542 128
542 129
542 533
542 535
542 536
542 537
543 130
543 138
543 532
543 533
543 534
543 535
544 130
544 532
544 533
545 131
545 532
546 131
546 132
546 531
546 532
547 131
547 132
547 133
547 134
547 529
547 530
547 531
548 144
548 527
548 528
548 529
548 531
549 526
549 527
549 528
549 529
549 530
549 531
550 525
550 527
550 528
550 529
551 525
551 565
551 566
551 567
552 559
552 560
552 561
552 562
552 564
553 524
553 559
553 560
553 561
554 523
554 524
554 559
555 150
555 558
556 558
557 556
557 557
558 552
558 553
558 554
558 555
558 556
558 557
559 549
559 550
559 551
559 553
559 554
559 555
559 556
560 549
560 551
560 552
560 553
560 554
561 549
561 550
562 123
562 124
562 549
563 126
563 127
563 128
563 129
564 546
564 547
564 548
565 544
565 545
565 546
565 547
565 548
566 541
566 542
566 544
566 545
566 546
566 547
566 548
567 131
567 132
567 541
567 542
567 543
567 544
567 545
568 131
568 132
568 133
568 134
568 136
568 540
568 541
568 542
569 134
569 135
569 136
569 137
569 138
570 135
570 136
570 137
570 138
571 138
571 537
571 538
571 539
572 529
573 139
573 140
574 107
574 108
574 109
574 110
574 111
574 139
574 141
574 142
574 143
575 111
575 140
575 142
575 143
575 144
575 145
576 112
576 143
576 145
577 112
578 146
578 522
579 113
579 114
579 115
579 116
579 117
579 118
579 147
579 148
580 115
580 117
580 118
580 119
580 120
580 121
581 120
581 121
583 540
583 541
583 542
583 543
584 123
584 124
585 122
585 123
585 124
585 125
585 126
585 127
585 128
586 124
586 126
586 127
586 128
586 129
587 128
587 130
587 536
587 537
587 538
587 539
588 130
588 533
588 535
588 536
589 532
589 533
590 131
590 132
590 133
590 532
590 559
590 560
590 561
590 562
591 531
592 527
592 528
592 529
592 530
592 531
593 525
593 526
593 527
593 528
593 529
594 525
594 555
594 556
594 557
595 549
595 551
595 552
595 553
595 554
595 555
596 523
596 524
596 549
596 550
597 521
597 522
597 524
599 544
599 545
599 546
599 547
599 548
600 541
600 543
600 544
600 545
600 546
600 547
601 540
601 541
601 542
602 131
603 110
603 134
603 135
603 136
604 138
604 535
604 536
604 538
604 539
605 112
606 139
606 140
607 113
607 114
607 115
607 116
607 118
607 140
607 141
607 142
607 143
607 144
607 145
608 120
608 121
608 145
610 146
610 147
612 233
612 426
612 448
613 185
613 234
613 235
613 431
613 489
614 108
614 204
615 110
615 111
615 208
615 236
615 250
615 429
615 459
615 568
616 112
616 237
616 248
616 250
616 257
616 258
616 428
616 567
617 113
617 114
617 238
617 251
617 427
617 455
617 565
618 114
618 115
618 116
618 212
618 239
618 252
618 426
618 563
619 116
619 117
619 118
619 253
619 412
619 426
619 561
620 118
620 119
620 254
620 425
621 120
621 121
621 252
621 255
621 424
621 558
622 121
622 122
622 449
622 556
623 122
623 123
623 140
623 244
623 256
623 555
624 123
624 124
624 125
624 142
624 219
624 245
624 257
624 554
625 126
625 144
625 245
625 420
625 502
625 527
625 551
625 552
626 127
626 128
626 157
626 158
626 232
626 246
626 247
626 259
626 419
626 445
626 525
626 526
626 550
626 551
627 128
627 147
627 159
627 223
627 418
627 432
627 443
627 511
627 512
627 524
627 549
628 129
628 130
628 160
628 248
628 417
628 510
628 522
628 523
628 548
629 130
629 131
629 161
629 509
629 510
629 547
630 131
630 132
630 133
630 162
630 163
630 412
630 416
630 440
630 508
630 509
630 546
631 132
631 134
631 163
631 251
631 508
631 543
632 133
632 135
632 164
632 165
632 228
632 267
632 506
632 542
632 543
633 131
633 165
633 166
633 249
633 253
633 265
633 506
633 532
633 541
633 542
634 131
634 133
634 166
634 167
634 254
634 397
634 412
634 504
634 505
634 531
634 532
634 533
634 534
634 540
634 541
635 132
635 133
635 168
635 255
635 268
635 411
635 503
635 504
635 531
635 532
635 533
635 540
636 132
636 133
636 134
636 169
636 182
636 233
636 256
636 269
636 277
636 394
636 396
636 410
636 503
636 531
636 532
636 533
637 133
637 134
637 170
637 234
637 257
637 406
637 497
637 502
637 503
637 530
637 531
637 532
637 533
638 133
638 134
638 135
638 170
638 171
638 258
638 270
638 403
638 409
638 501
638 502
638 530
638 531
638 532
638 533
639 133
639 134
639 135
639 171
639 172
639 185
639 259
639 271
639 394
639 402
639 408
639 485
639 500
639 501
639 530
639 531
639 532
639 533
640 133
640 134
640 135
640 172
640 173
640 260
640 271
640 407
640 429
640 487
640 500
640 501
640 530
640 531
640 532
640 533
641 133
641 134
641 135
641 173
641 174
641 272
641 401
641 499
641 500
641 530
641 531
641 532
641 533
642 133
642 134
642 135
642 174
642 175
642 188
642 400
642 427
642 499
642 500
642 530
642 531
642 532
642 533
643 133
643 134
643 135
643 175
643 273
643 391
643 498
643 499
643 530
643 531
643 532
643 533
643 534
644 133
644 134
644 135
644 175
644 176
644 274
644 399
644 498
644 499
644 531
644 532
644 533
644 534
645 133
645 134
645 135
645 176
645 177
645 244
645 260
645 388
645 398
645 498
645 499
645 531
645 532
645 533
645 534
645 535
646 132
646 133
646 134
646 135
646 177
646 253
646 275
646 497
646 498
646 531
646 532
646 533
646 534
646 535
647 132
647 133
647 134
647 177
647 178
647 190
647 397
647 497
647 498
647 532
647 533
647 534
647 535
647 536
648 133
648 134
648 178
648 276
648 388
648 395
648 396
648 497
648 498
648 533
648 534
648 535
648 536
648 537
649 178
649 179
649 277
649 285
649 497
649 498
649 534
649 535
649 536
649 537
649 538
650 178
650 179
650 277
650 284
650 395
650 484
650 497
650 498
650 499
650 535
650 536
650 537
651 179
651 180
651 278
651 386
651 497
651 498
651 499
652 179
652 180
652 278
652 394
652 498
652 499
653 179
653 180
653 385
653 498
653 499
653 500
654 179
654 180
654 183
654 279
654 393
654 484
654 499
654 500
654 501
655 179
655 180
655 282
655 500
655 501
656 178
656 179
656 180
656 280
656 286
656 392
656 395
656 501
656 502
657 178
657 193
657 280
657 383
657 483
657 502
657 503
657 504
658 177
658 178
658 179
658 391
658 504
658 505
659 177
659 178
659 382
659 505
659 506
660 176
660 177
660 181
660 281
660 287
660 508
660 509
661 175
661 176
661 390
661 455
661 510
661 511
662 174
662 175
662 456
662 512
662 513
662 515
663 172
663 173
663 281
663 381
663 390
663 515
663 517
663 518
664 170
664 172
664 216
664 218
664 281
664 288
664 381
664 390
664 519
665 167
665 168
665 170
665 217
665 281
665 460
666 165
666 167
666 280
666 291
666 381
666 390
667 162
667 164
667 214
667 280
667 287
668 158
668 159
668 161
668 279
669 157
669 278
669 392
670 276
670 394
671 274
671 385
671 395
672 272
672 398
673 268
673 401
674 405
675 234
675 268
675 411
676 233
676 234
676 250
677 240
677 426
678 438
678 439
678 444
678 445
679 438
679 450
679 451
680 227
680 451
680 465
680 466
681 200
681 216
681 230
681 419
681 424
681 466
681 486
682 204
682 229
682 487
682 489
683 189
683 445
683 450
683 462
683 463
683 464
683 465
683 466
684 175
684 176
684 209
684 210
684 212
685 196
685 197
685 198
686 184
722 207
722 458
723 205
723 460
723 469
724 462
726 232
729 236
729 237
729 429
729 430
730 233
730 234
730 432
730 433
731 230
731 435
731 436
732 438
732 439
733 441
733 442
734 444
734 445
736 429
737 433
737 434
738 222
738 436
738 441
739 218
739 219
739 220
739 439
739 440
739 445
740 441
740 442
740 443
741 444
741 445
741 446
742 446
742 447
745 246
745 247
745 248
745 249
745 250
745 417
745 418
746 240
746 241
746 242
746 422
746 423
746 424
747 235
747 236
747 237
747 428
747 429
748 230
748 231
748 232
748 416
748 432
748 433
749 228
749 423
749 437
750 440
751 433
752 437
764 248
764 249
764 250
764 251
764 252
764 253
764 254
765 243
765 246
765 414
765 415
765 416
766 420
