386 523
388 524
389 524
390 524
390 525
391 524
391 525
392 524
392 525
392 526
393 524
393 525
393 526
394 525
394 526
394 527
395 526
395 527
396 526
396 527
396 528
397 527
397 528
397 529
398 527
398 528
398 529
399 528
399 529
399 530
400 528
400 529
400 530
401 529
401 530
401 531
402 529
402 530
402 531
403 530
403 531
403 532
404 530
404 531
404 532
405 531
405 532
405 533
406 531
406 532
406 533
407 532
407 533
407 534
408 532
408 533
408 534
409 533
409 534
409 535
410 533
410 534
410 535
411 534
411 535
411 536
412 535
412 536
413 535
413 536
413 537
414 536
414 537
415 536
415 537
415 538
416 537
416 538
417 537
417 538
417 539
418 538
418 539
419 538
419 539
419 540
420 539
420 540
421 539
421 540
421 541
422 540
422 541
423 540
423 541
423 542
424 541
424 542
425 541
425 542
425 543
426 542
426 543
427 542
427 543
427 544
428 543
428 544
428 545
429 543
429 544
429 545
430 544
430 545
430 546
431 544
431 545
431 546
432 545
432 546
432 547
433 545
433 546
433 547
434 546
434 547
434 548
435 547
435 548
436 547
436 548
436 549
437 548
437 549
438 548
438 549
438 550
439 549
439 550
440 549
440 550
440 551
441 550
441 551
442 550
442 551
442 552
443 551
443 552
444 551
444 552
444 553
445 552
445 553
446 552
446 553
446 554
447 553
447 554
448 553
448 554
448 555
449 554
449 555
450 554
450 555
450 556
451 555
451 556
452 555
452 556
452 557
453 556
453 557
454 556
454 557
454 558
455 557
455 558
456 557
456 558
456 559
457 558
457 559
458 558
458 559
458 560
459 559
459 560
460 559
460 560
460 561
461 560
461 561
462 560
462 561
462 562
463 561
463 562
464 561
464 562
464 563
465 562
465 563
466 562
466 563
466 564
467 563
467 564
468 563
468 564
468 565
469 564
469 565
470 564
470 565
471 565
471 566
472 565
472 566
473 566
473 567
474 566
474 567
475 567
475 568
476 567
476 568
477 568
477 569
478 568
478 569
479 569
479 570
480 569
480 570
481 570
481 571
482 570
482 571
483 571
483 572
484 571
484 572
485 572
485 573
486 572
486 573
487 573
487 574
488 573
488 574
489 574
489 575
490 574
490 575
491 575
491 576
492 575
492 576
493 575
493 576
494 576
494 577
495 576
495 577
496 577
496 578
497 577
497 578
498 578
498 579
499 578
499 579
500 579
500 580
501 579
501 580
502 580
502 581
503 580
503 581
504 581
504 582
505 581
505 582
505 596
506 582
506 583
507 582
507 583
508 583
509 583
509 584
509 600
510 583
510 584
511 584
511 585
512 584
512 585
513 581
513 585
513 586
513 599
514 585
514 586
515 582
515 586
515 587
516 586
516 587
517 587
518 587
518 588
519 588
520 588
520 589
521 589
522 589
522 590
523 589
523 590
523 605
524 571
524 590
524 591
525 590
525 591
526 591
526 606
527 591
527 592
527 604
528 592
529 592
529 593
529 607
530 593
530 605
531 593
531 594
532 590
532 593
532 594
533 594
534 594
534 595
535 595
536 595
536 596
537 596
538 596
538 597
539 596
539 597
540 597
541 597
541 598
542 220
542 598
543 220
543 595
543 598
543 599
544 219
544 220
544 221
544 599
545 219
545 220
545 221
545 222
545 599
545 600
546 219
546 220
546 221
546 222
546 223
546 599
546 600
547 220
547 221
547 222
547 223
547 564
547 600
548 220
548 221
548 222
548 223
548 224
548 600
548 601
549 221
549 222
549 223
549 224
549 225
549 565
549 601
550 222
550 223
550 224
550 225
550 226
550 598
550 601
550 602
551 223
551 224
551 225
551 226
551 602
552 223
552 224
552 225
552 226
552 227
552 602
553 224
553 225
553 226
553 227
553 228
553 602
553 603
553 615
554 225
554 226
554 227
554 228
554 229
554 603
555 226
555 227
555 228
555 229
555 603
555 604
556 227
556 228
556 229
556 230
556 604
556 616
557 227
557 228
557 229
557 230
557 231
557 604
558 228
558 229
558 230
558 231
558 232
558 604
558 605
559 229
559 230
559 231
559 232
559 233
559 605
560 230
560 231
560 232
560 233
560 605
560 606
561 231
561 232
561 233
561 234
561 606
562 231
562 232
562 233
562 234
562 235
562 606
563 232
563 233
563 234
563 235
563 236
563 606
563 607
564 233
564 234
564 235
564 236
564 572
564 604
564 607
565 234
565 235
565 236
565 237
565 607
565 608
566 234
566 235
566 236
566 237
566 238
566 608
566 617
567 235
567 236
567 237
567 238
567 239
567 608
568 236
568 237
568 238
568 239
568 608
568 609
569 237
569 238
569 239
569 240
569 609
570 238
570 239
570 240
570 241
570 609
571 238
571 239
571 240
571 241
571 242
571 610
572 239
572 240
572 241
572 242
572 610
573 240
573 241
573 242
573 243
573 310
573 610
573 611
574 241
574 242
574 243
574 244
574 611
575 242
575 243
575 244
575 245
575 577
575 611
576 242
576 243
576 244
576 245
576 246
576 611
576 612
577 243
577 244
577 245
577 246
577 578
577 612
578 244
578 245
578 246
578 247
578 612
579 245
579 246
579 247
579 248
579 613
580 246
580 247
580 248
580 249
580 613
581 246
581 247
581 248
581 249
581 250
581 613
581 614
582 247
582 248
582 249
582 250
582 614
583 248
583 249
583 250
583 251
583 614
584 249
584 250
584 251
584 252
584 612
584 614
584 615
585 250
585 251
585 252
585 253
585 615
586 250
586 251
586 252
586 253
586 582
586 615
587 251
587 252
587 253
587 254
587 616
588 252
588 253
588 254
588 255
588 583
588 616
589 253
589 254
589 255
589 256
589 616
589 626
590 254
590 255
590 256
590 257
590 617
591 255
591 256
591 257
591 617
592 255
592 256
592 257
592 258
592 615
592 617
593 256
593 257
593 258
593 259
593 618
594 257
594 258
594 259
594 260
594 321
594 618
595 258
595 259
595 260
595 261
595 586
595 618
596 259
596 260
596 261
596 619
596 628
597 260
597 261
597 262
597 323
597 587
597 619
598 260
598 261
598 262
598 263
598 619
599 261
599 262
599 263
599 264
599 620
600 262
600 263
600 264
600 265
600 325
600 620
601 263
601 264
601 265
601 620
602 264
602 265
602 266
602 621
603 265
603 266
603 267
603 327
603 619
603 621
604 265
604 266
604 267
604 268
604 590
604 621
605 266
605 267
605 268
605 269
605 298
605 622
606 267
606 268
606 269
606 270
606 329
606 620
606 622
607 268
607 269
607 270
607 330
607 622
608 269
608 270
608 271
608 623
609 270
609 271
609 272
609 331
609 623
610 270
610 271
610 272
610 273
610 332
610 623
611 271
611 272
611 273
611 274
611 593
611 624
612 272
612 273
612 274
612 336
612 621
612 624
613 273
613 274
613 275
613 334
613 624
614 274
614 275
614 276
614 625
615 275
615 276
615 277
615 625
616 276
616 277
616 278
616 336
616 625
617 276
617 277
617 278
617 279
617 337
617 626
618 277
618 278
618 279
618 596
618 626
619 278
619 279
619 280
619 626
620 279
620 280
620 281
620 339
620 627
621 280
621 281
621 282
621 624
621 625
621 627
622 281
622 282
622 283
622 627
623 282
623 283
623 284
623 341
624 282
624 283
624 284
624 285
624 342
624 626
624 628
625 283
625 284
625 285
625 628
626 284
626 285
626 286
626 290
626 315
626 628
627 285
627 286
627 287
627 344
627 629
628 286
628 287
628 288
628 345
628 629
629 287
629 288
629 289
629 629
630 288
630 289
630 290
630 630
631 289
631 290
631 291
631 347
631 630
632 290
632 291
632 348
632 630
633 290
633 291
633 292
634 291
634 292
634 293
634 297
634 631
635 292
635 293
635 294
635 350
635 631
636 293
636 294
636 295
636 297
636 351
636 631
637 294
637 295
637 296
637 630
637 632
638 295
638 296
638 297
638 632
639 296
639 297
639 298
639 353
639 603
639 632
640 297
640 298
640 299
640 354
641 298
641 299
641 633
642 299
642 300
642 327
642 633
643 299
643 300
643 301
643 305
643 356
643 633
644 300
644 301
644 302
644 304
644 357
644 605
644 632
644 634
645 301
645 302
645 303
645 305
645 327
645 634
646 302
646 303
646 304
646 634
647 303
647 304
647 305
648 304
648 305
648 306
648 332
648 360
648 635
649 305
649 306
649 307
649 635
650 306
650 307
650 308
650 635
651 307
651 308
651 634
652 308
652 309
652 333
652 363
652 636
653 309
653 310
653 364
653 636
654 310
654 311
654 315
654 636
655 311
655 312
655 314
655 637
656 312
656 313
656 315
656 580
656 637
657 313
657 314
657 316
657 367
657 637
658 314
658 315
658 368
658 581
659 315
659 316
659 339
659 638
660 316
660 317
660 340
660 582
660 638
661 317
661 318
661 638
662 317
662 318
662 319
662 371
662 583
662 645
663 318
663 319
663 320
663 372
663 639
664 319
664 320
664 321
664 584
664 639
665 320
665 321
665 322
665 639
666 321
666 322
666 323
666 638
667 322
667 323
667 324
667 640
668 323
668 324
668 325
668 347
668 376
668 640
669 324
669 325
669 326
669 348
669 377
669 640
670 325
670 326
670 327
670 349
670 639
671 326
671 327
671 328
671 350
671 641
672 327
672 328
672 329
672 641
673 329
673 330
673 639
673 641
674 330
674 331
674 381
675 331
675 332
675 382
675 642
676 332
676 333
676 383
676 642
677 333
677 334
677 642
678 334
678 335
679 335
679 336
679 632
679 643
679 649
680 336
680 337
680 643
681 337
681 338
681 643
682 338
682 339
682 388
683 339
683 340
683 389
683 644
684 340
684 341
684 362
684 390
684 644
685 341
685 342
685 363
685 644
686 342
686 343
686 364
687 343
687 344
687 365
687 645
688 344
688 345
688 366
688 645
689 345
689 346
689 367
689 645
690 347
690 368
690 644
691 348
691 369
692 349
692 350
692 351
692 370
692 646
693 350
693 351
693 352
693 371
693 646
694 351
694 352
694 353
694 372
694 399
694 645
695 352
695 353
695 400
696 353
696 354
696 401
696 647
696 653
697 331
697 354
697 355
697 402
697 647
698 356
698 403
698 647
699 357
699 404
700 358
700 359
700 405
700 648
701 359
701 360
701 361
701 406
701 646
701 648
702 339
702 360
702 361
702 362
702 407
702 648
703 361
703 362
703 408
704 363
704 383
704 409
704 600
704 649
705 364
705 384
705 410
705 649
706 365
706 366
706 385
706 411
706 601
706 649
707 347
707 366
707 367
707 386
707 412
708 367
708 368
708 369
708 413
708 602
708 650
709 369
709 413
709 414
709 650
710 370
710 415
710 603
710 650
711 371
711 372
711 416
712 355
712 372
712 373
712 392
712 604
712 651
713 374
713 375
713 393
713 651
714 375
714 394
714 605
714 651
715 376
715 377
716 377
716 378
716 606
716 652
717 363
717 379
717 380
717 643
717 652
718 380
718 399
718 652
719 381
719 382
719 400
719 608
720 383
720 426
720 653
720 659
721 384
721 427
721 653
722 385
722 386
722 653
723 387
723 405
724 388
724 654
725 376
725 389
725 390
725 634
725 654
726 391
726 409
726 433
726 654
727 392
727 410
727 434
728 381
728 394
728 655
729 395
729 613
729 655
730 396
730 397
730 414
730 655
731 386
731 398
731 439
731 614
731 662
732 399
732 656
733 401
733 418
733 615
733 656
734 391
734 402
735 404
735 444
735 657
736 405
736 657
737 407
737 657
738 408
738 425
738 448
738 649
739 410
739 658
740 411
740 428
740 658
741 403
741 413
741 657
742 414
742 620
742 659
743 416
743 455
743 659
744 417
744 418
744 621
744 659
745 410
745 419
746 421
746 437
746 660
747 422
747 623
747 660
748 424
748 440
749 426
749 661
750 427
750 443
750 661
750 668
751 429
751 625
752 431
752 662
753 432
753 433
753 448
753 470
753 626
753 662
754 434
755 436
755 663
756 430
756 438
756 453
756 663
757 440
757 455
758 441
758 629
758 664
759 443
759 480
759 664
760 445
761 447
761 462
761 631
761 665
762 449
762 464
762 665
763 451
763 632
764 453
764 489
764 666
765 455
765 491
765 666
766 457
767 459
767 667
768 461
768 635
768 667
769 463
770 465
771 467
771 503
772 469
772 505
773 464
773 471
773 486
773 638
774 474
774 488
775 476
776 478
776 514
777 480
778 483
778 497
779 485
779 521
780 487
780 502
781 482
781 490
781 526
782 492
782 507
783 495
784 497
784 498
784 512
784 645
785 500
786 503
787 505
787 520
787 542
787 647
788 508
788 545
789 511
789 548
790 513
790 514
790 551
790 649
791 516
791 517
791 554
792 519
792 520
792 557
793 522
793 523
793 560
793 651
794 515
794 525
794 526
795 528
795 529
796 531
796 547
796 653
797 534
797 535
798 538
798 576
799 541
799 559
800 544
801 547
801 548
802 551
802 552
803 554
804 557
804 558
805 561
806 564
806 565
807 568
808 571
808 572
809 575
810 578
810 579
811 582
812 569
812 585
813 588
813 589
814 591
814 592
815 594
815 595
816 597
816 598
817 600
817 601
818 603
818 604
819 606
820 609
821 611
822 614
823 616
824 618
824 619
825 621
826 623
827 625
828 627
829 629
830 630
831 632
832 634
833 636
834 637
835 639
836 640
837 642
