-62 -17
-62 -16
-61 -16
-61 -15
-60 -15
-60 -14
-58 -12
-57 -11
-56 -11
-56 -10
-55 -10
-55 -9
-54 -9
-53 -8
-53 -7
-49 -3
-49 -2
-48 -2
-48 -1
-47 0
-46 0
-46 1
-45 2
-44 3
-43 4
-43 5
-42 5
-42 6
-41 6
-41 7
-40 8
-39 9
-39 10
-38 10
-38 11
-37 11
-37 12
-36 13
-35 14
-35 15
-34 15
-34 16
-33 17
-33 18
-32 18
-32 19
-31 19
-31 20
-30 21
-30 22
-29 -40
-29 -39
-29 22
-29 23
-28 -39
-28 -38
-28 17
-28 24
-28 25
-27 -39
-27 -38
-27 25
-27 26
-26 -38
-26 -37
-26 27
-26 28
-25 -37
-25 -36
-25 28
-25 29
-24 -36
-24 30
-24 31
-23 -36
-23 -35
-23 31
-23 32
-22 -35
-22 -34
-22 26
-22 33
-22 34
-21 -34
-21 -33
-21 35
-20 -34
-20 -33
-20 36
-20 37
-19 -33
-19 -32
-19 38
-19 39
-18 -32
-18 -31
-18 40
-18 41
-17 -32
-17 -31
-17 41
-17 42
-16 -31
-16 -30
-16 43
-16 44
-15 -30
-15 -29
-15 45
-15 46
-14 -29
-14 47
-14 48
-13 -29
-13 -28
-13 48
-13 49
-13 50
-12 -28
-12 -27
-12 50
-12 51
-11 -27
-11 45
-11 52
-11 53
-10 -27
-10 -26
-10 54
-10 55
-9 -26
-9 -25
-9 56
-9 57
-8 -25
-8 58
-8 59
-7 -25
-7 -24
-7 60
-7 61
-7 62
-6 -24
-6 -23
-6 55
-6 62
-6 63
-6 64
-5 -23
-5 65
-5 66
-4 -23
-4 -22
-4 67
-4 68
-3 -22
-3 69
-3 70
-2 -22
-2 -21
-2 71
-2 72
-2 73
-1 -21
-1 -20
-1 74
-1 75
0 -20
0 76
0 77
1 -20
1 -19
1 78
1 79
1 80
2 -19
2 -18
2 81
2 82
3 -18
3 83
3 84
3 85
4 -18
4 -17
4 86
4 87
5 -17
5 88
5 89
5 90
6 -17
6 -16
6 91
6 92
6 93
7 -16
7 -15
7 94
7 95
7 120
8 -15
8 96
8 97
8 98
8 123
9 -15
9 -14
9 99
9 100
9 101
9 105
9 126
10 -14
10 102
10 103
10 129
11 -13
11 105
11 106
11 132
11 133
12 -13
12 -12
12 107
12 108
12 109
12 136
13 -12
13 110
13 111
13 112
13 116
13 139
14 -12
14 -11
14 113
14 114
14 115
14 142
14 143
14 144
14 145
15 -11
15 116
15 117
15 118
15 145
15 146
15 147
15 148
16 -11
16 -10
16 119
16 120
16 121
16 148
16 149
16 150
16 151
16 152
17 -10
17 -9
17 122
17 123
17 151
17 152
17 153
17 154
17 155
18 -9
18 125
18 126
18 154
18 155
18 156
18 157
18 158
19 -9
19 -8
19 128
19 129
19 133
19 157
19 158
19 159
19 160
19 161
20 -8
20 131
20 132
20 160
20 161
20 162
20 163
20 164
21 -8
21 -7
21 134
21 135
21 163
21 164
21 165
21 166
21 167
22 -7
22 136
22 137
22 138
22 167
22 168
22 169
22 170
23 -7
23 -6
23 139
23 140
23 141
23 170
23 171
23 172
24 -6
24 142
24 143
24 144
24 173
24 174
24 175
25 -5
25 145
25 146
25 147
25 176
25 177
25 178
26 -5
26 148
26 149
26 150
26 179
26 180
26 181
27 -4
27 151
27 152
27 153
27 183
27 184
28 -4
28 -3
28 154
28 155
28 186
28 187
29 -3
29 157
29 158
29 189
30 -3
30 -2
30 160
30 161
30 192
31 -2
31 162
31 163
31 164
31 195
32 -2
32 -1
32 165
32 166
32 167
32 198
33 -1
33 168
33 169
34 -1
34 0
34 171
34 172
35 0
35 173
35 174
35 175
36 0
36 1
36 176
36 177
36 178
36 209
37 1
37 179
37 180
37 183
37 212
38 1
38 2
38 181
38 182
38 183
38 215
39 2
39 184
39 185
39 217
39 218
40 2
40 3
40 187
40 188
40 220
40 221
41 3
41 189
41 190
41 191
41 222
41 223
41 224
42 3
42 4
42 192
42 193
42 225
42 226
42 227
43 4
43 194
43 195
43 196
43 230
44 4
44 5
44 197
44 198
44 230
44 231
44 232
44 233
45 5
45 199
45 200
45 201
45 233
45 234
45 235
45 236
46 5
46 6
46 203
46 235
46 236
46 237
46 238
46 239
47 6
47 204
47 205
47 237
47 238
47 239
47 240
47 241
47 242
48 6
48 7
48 206
48 207
48 208
48 240
48 241
48 242
48 244
48 245
49 7
49 209
49 242
49 243
49 244
49 245
49 246
49 247
49 248
50 7
50 211
50 212
50 213
50 245
50 246
50 247
50 248
50 249
50 250
50 251
51 8
51 213
51 214
51 215
51 248
51 249
51 250
51 251
51 252
51 253
52 8
52 216
52 217
52 250
52 251
52 252
52 253
52 254
52 255
52 256
53 9
53 218
53 219
53 253
53 254
53 255
53 256
53 257
53 258
53 259
54 9
54 220
54 221
54 222
54 255
54 256
54 257
54 258
54 259
54 260
54 261
54 262
55 10
55 222
55 223
55 224
55 257
55 258
55 259
55 260
55 263
55 264
55 265
56 10
56 225
56 260
56 261
56 262
56 266
56 267
57 10
57 11
57 228
57 262
57 263
57 264
57 269
57 270
58 11
58 229
58 265
58 266
58 272
58 273
59 11
59 12
59 231
59 267
59 268
59 275
59 276
60 12
60 233
60 234
60 270
60 278
60 279
61 12
61 13
61 235
61 236
61 272
61 281
62 13
62 238
62 239
62 274
62 284
63 13
63 239
63 240
63 241
63 287
64 14
64 242
64 243
64 279
64 290
65 14
65 244
65 245
65 281
65 292
65 293
66 15
66 246
66 247
66 295
67 15
67 248
67 249
67 298
68 15
68 16
68 25
68 250
68 251
68 301
69 16
69 252
69 253
70 16
70 253
70 254
70 255
70 306
71 17
71 255
71 256
72 17
72 258
72 259
73 18
73 259
73 260
73 261
74 18
74 261
74 262
74 263
75 18
75 19
75 263
75 264
75 265
76 19
76 265
76 266
76 267
77 19
77 20
77 267
77 268
78 20
78 268
78 269
79 20
79 270
79 271
80 21
80 30
80 272
80 273
81 21
81 274
81 275
81 276
82 21
82 22
82 283
83 22
83 31
83 277
83 278
84 22
84 279
84 281
84 282
85 23
85 32
85 281
85 283
86 23
86 283
86 284
87 24
87 285
87 286
88 24
88 286
88 288
88 289
89 24
89 25
89 288
89 289
90 25
90 289
90 290
91 25
91 292
91 293
92 26
92 293
92 296
93 26
94 27
94 296
94 299
95 27
95 298
95 299
96 27
96 28
96 302
97 28
97 37
97 302
97 303
97 304
98 28
98 303
98 305
98 306
99 29
99 304
99 305
99 306
99 307
100 29
100 39
100 306
100 307
100 308
100 309
101 29
101 30
101 307
101 308
101 309
101 310
102 30
102 39
102 309
102 310
102 311
102 320
103 30
103 310
103 314
104 31
104 312
104 313
104 314
104 315
105 31
105 314
105 315
105 316
106 32
106 315
106 317
106 318
106 319
107 32
107 41
107 317
107 318
107 319
107 320
107 329
108 32
108 33
108 320
108 321
108 322
109 33
109 321
109 322
109 323
110 33
110 322
110 323
110 324
110 325
111 34
111 325
111 326
112 34
112 324
112 325
112 326
112 327
112 328
113 35
113 326
113 327
113 328
113 329
114 35
114 44
114 328
114 329
114 330
114 331
115 35
115 329
115 330
115 331
115 332
115 333
116 36
116 330
116 331
116 332
116 333
116 334
117 36
117 333
117 334
117 335
117 336
118 37
118 333
118 335
118 336
118 337
119 37
119 46
119 334
119 335
119 336
119 337
119 338
119 339
120 38
120 336
120 338
120 339
120 340
121 38
121 47
121 338
121 339
121 340
121 342
122 38
122 340
122 342
122 343
123 39
123 47
123 340
123 341
123 342
123 343
123 344
123 345
124 39
124 342
124 343
124 344
124 345
124 346
125 40
125 343
125 345
125 346
126 40
126 49
126 344
126 345
126 346
126 347
126 348
126 349
127 41
127 346
127 348
127 349
128 41
128 50
128 347
128 348
128 351
128 352
129 41
129 50
129 349
129 350
129 351
129 352
129 353
130 42
130 51
130 352
130 353
130 355
131 42
131 51
131 351
131 353
131 355
131 356
132 43
132 353
132 355
132 357
132 358
133 43
133 52
133 356
133 357
133 358
134 44
134 52
134 357
134 358
134 359
134 360
134 361
135 44
135 53
135 360
135 362
136 44
136 45
136 53
137 45
137 54
137 365
138 45
138 54
139 46
139 55
140 46
140 55
141 47
142 47
142 56
143 48
144 48
144 57
145 48
145 49
146 49
146 58
147 49
148 50
148 59
149 50
150 51
150 60
151 51
152 52
152 61
153 52
154 53
154 62
155 53
156 54
156 63
157 54
158 54
158 55
158 64
159 55
160 55
160 56
160 65
161 56
162 56
163 57
164 57
165 58
166 58
167 59
168 59
169 60
170 60
171 61
172 61
173 62
174 62
175 63
176 63
177 64
178 64
179 65
180 65
181 66
182 66
183 67
184 67
185 68
186 68
187 69
188 69
188 70
189 70
190 70
190 71
191 71
192 71
192 72
193 72
194 72
194 73
195 73
196 73
196 74
197 74
198 74
198 75
199 75
200 76
201 76
201 77
202 77
203 77
203 78
204 78
205 78
205 79
206 79
207 79
207 80
208 80
209 80
209 81
210 81
210 82
211 82
212 82
212 83
213 83
214 83
214 84
215 84
216 84
216 85
217 85
217 86
218 86
219 86
219 87
220 87
221 87
221 88
222 88
222 89
223 88
223 89
223 103
224 89
224 90
225 90
226 90
226 91
226 105
227 91
227 92
227 106
228 91
228 92
229 92
229 93
229 107
230 93
230 108
231 93
231 94
231 109
232 94
232 95
232 110
233 94
233 95
233 110
234 95
234 96
234 111
235 96
235 112
236 96
236 97
236 113
237 97
237 98
237 99
237 113
237 114
238 97
238 98
238 114
239 98
239 99
239 115
240 99
240 100
240 116
241 99
241 100
241 116
241 117
242 100
242 101
242 117
242 118
243 100
243 101
244 101
244 102
244 119
245 102
245 103
245 120
246 102
246 103
246 121
247 103
247 104
247 121
247 122
248 104
248 105
248 123
249 104
249 105
249 123
249 124
250 105
250 106
250 124
251 105
251 106
251 107
251 124
252 106
252 107
252 126
253 107
253 108
253 126
253 127
254 107
254 108
254 109
254 127
254 128
255 108
255 109
255 128
255 129
256 109
256 110
257 109
257 110
257 111
257 130
257 131
258 110
258 111
258 130
258 132
259 111
259 112
260 111
260 112
260 113
261 112
261 113
261 134
262 113
262 114
263 113
263 114
263 115
263 136
264 114
264 115
264 137
265 115
265 116
266 115
266 116
266 117
266 142
267 116
267 117
267 140
268 116
268 117
268 118
268 141
269 117
269 118
269 119
270 118
270 119
270 120
270 143
271 118
271 119
271 120
271 144
272 119
272 120
272 121
272 145
273 120
273 121
273 122
273 146
274 120
274 121
274 122
274 147
275 121
275 122
275 123
276 122
276 123
276 124
277 123
277 124
277 150
278 123
278 124
278 125
278 151
279 124
279 125
279 126
280 125
280 126
280 127
281 125
281 126
281 127
282 126
282 127
282 155
283 127
283 128
283 129
284 127
284 128
284 129
285 128
285 129
285 130
285 161
286 129
286 130
286 131
287 129
287 130
287 131
287 132
288 130
288 131
288 132
289 131
289 132
289 133
290 131
290 132
290 133
291 132
291 133
292 133
292 134
292 135
292 166
293 134
293 135
293 136
293 167
294 134
294 135
294 136
294 168
295 135
295 136
295 137
295 138
296 136
296 137
296 138
297 136
297 137
297 139
298 137
298 138
298 139
299 138
299 139
300 140
300 141
300 175
301 139
301 140
301 142
301 176
302 140
302 141
302 142
302 143
303 141
303 142
303 143
303 144
303 148
304 142
304 143
304 144
305 142
305 143
305 144
305 145
306 143
306 144
306 145
306 146
307 145
307 146
307 147
307 183
308 144
308 145
308 146
308 147
309 146
309 147
309 148
310 147
310 148
310 149
310 154
311 146
311 147
311 148
311 149
311 150
312 149
312 150
312 151
312 189
313 148
313 151
314 149
314 150
314 151
314 152
315 149
315 150
315 151
315 152
315 153
316 152
316 153
316 154
316 194
317 152
317 153
317 154
318 153
318 154
318 155
319 153
319 154
319 155
319 156
320 154
320 155
320 156
320 157
320 199
321 154
321 155
321 156
321 157
321 158
322 156
322 157
322 158
323 158
323 159
324 157
324 158
324 159
325 157
325 158
325 159
325 160
325 161
326 160
326 161
326 162
327 158
327 159
327 160
327 162
328 161
328 162
328 163
329 162
329 163
329 164
330 161
330 162
330 163
330 164
330 165
331 161
331 162
331 163
331 165
331 166
332 164
332 165
332 166
333 163
333 164
333 165
333 167
334 164
334 165
334 166
334 167
334 168
335 168
335 169
336 167
336 168
336 169
337 166
337 167
337 168
337 170
337 171
338 171
339 167
339 170
339 171
339 172
340 169
340 170
340 171
341 169
341 170
341 171
341 172
341 173
341 174
342 171
342 172
342 173
343 170
343 171
343 172
343 173
343 174
344 171
344 172
344 173
344 174
344 175
344 176
345 172
345 176
345 177
346 173
346 174
346 175
347 177
347 178
347 179
348 174
348 175
348 176
348 177
348 178
348 179
349 175
349 176
349 177
349 181
350 177
350 178
350 179
351 178
351 179
351 180
352 179
352 180
352 181
353 181
353 182
353 183
354 179
354 180
354 182
354 183
354 184
355 180
355 181
355 183
355 184
355 185
356 181
357 181
357 182
357 183
357 184
357 185
358 182
358 188
359 185
359 186
359 187
360 184
360 185
360 186
360 190
361 186
361 187
361 188
362 185
362 186
362 187
362 188
362 192
363 186
363 187
363 188
363 189
363 190
364 189
364 190
364 191
365 188
365 189
365 190
365 193
365 194
366 191
366 192
366 193
367 190
367 191
367 192
368 192
368 193
368 194
369 191
369 193
369 194
369 195
370 192
370 193
370 194
370 195
370 196
371 195
371 196
371 197
372 197
372 198
372 199
373 194
373 195
373 196
373 199
373 200
373 201
374 195
374 196
374 197
374 200
374 201
374 202
375 197
375 198
375 199
376 196
376 197
376 199
376 200
376 201
377 197
377 198
377 201
377 202
377 203
378 198
378 199
378 201
378 202
378 203
379 199
379 200
379 201
379 206
380 200
380 201
380 202
380 206
380 207
381 200
381 201
381 202
381 207
381 208
382 201
382 203
382 204
382 205
383 206
383 207
383 208
383 209
383 210
384 210
384 211
385 204
385 205
385 207
385 208
385 209
386 204
386 207
386 208
386 209
386 213
387 205
387 206
387 210
387 211
387 212
387 213
387 214
388 206
388 207
388 208
389 207
389 208
389 213
389 214
389 215
390 208
390 210
390 211
390 212
390 213
390 215
390 216
391 209
391 212
391 213
391 214
392 209
392 210
392 215
392 216
392 217
392 218
393 211
393 212
393 213
393 217
393 218
393 219
394 211
394 213
394 214
394 215
394 216
394 218
394 219
394 220
395 213
395 214
395 215
395 219
395 220
395 221
396 213
396 214
396 215
396 216
396 218
396 219
396 220
397 213
397 214
397 215
397 220
397 221
397 222
397 223
398 215
398 216
398 217
398 222
398 223
399 215
399 216
399 219
399 220
399 221
399 222
399 224
400 217
400 218
400 219
400 220
400 222
400 223
400 224
400 225
401 217
401 218
401 219
401 220
401 222
401 223
401 224
401 225
402 218
402 219
402 221
402 222
402 223
402 224
402 226
402 227
403 218
403 219
403 221
403 222
403 223
403 224
403 226
403 227
403 228
404 219
404 223
404 224
404 225
404 226
404 228
404 229
405 221
405 222
405 223
405 224
405 226
405 227
405 228
405 229
406 221
406 226
406 227
406 228
407 222
407 223
407 224
407 229
407 230
407 231
407 232
408 223
408 224
408 225
408 226
408 228
408 229
408 230
408 231
409 223
409 224
409 225
409 226
409 227
409 229
409 230
409 231
409 232
410 224
410 225
410 229
410 230
410 231
410 232
411 226
411 227
411 228
411 229
411 231
411 232
411 233
411 234
412 228
412 229
412 230
412 231
412 234
412 235
412 236
413 228
413 229
413 230
413 231
413 234
413 235
413 236
413 237
414 228
414 229
414 230
414 231
414 234
414 235
414 236
414 237
415 229
415 230
415 231
415 232
415 234
415 235
415 236
415 237
415 238
415 239
416 229
416 230
416 231
416 232
416 233
416 236
416 237
416 238
416 239
416 240
417 230
417 231
417 232
417 233
417 234
417 238
417 239
417 240
417 241
418 231
418 232
418 233
418 234
418 235
418 239
418 240
418 241
418 242
419 234
419 235
419 236
419 237
419 238
419 239
419 240
419 241
419 242
419 243
420 232
420 234
420 235
420 236
420 237
420 241
420 242
420 243
420 244
421 233
421 234
421 235
421 236
421 237
421 238
421 239
421 243
421 244
422 234
422 235
422 236
422 237
422 240
422 241
422 242
422 243
422 244
423 235
423 236
423 237
423 238
423 239
423 240
423 241
423 246
424 236
424 237
424 238
424 239
424 242
424 243
424 244
424 245
424 246
424 247
425 237
425 238
425 239
425 240
425 241
425 242
425 245
425 246
425 247
425 248
426 241
426 242
426 243
426 244
426 245
426 246
426 247
426 248
426 249
427 238
427 239
427 243
427 244
427 245
427 246
427 247
427 248
427 249
427 250
428 242
428 243
428 244
428 245
428 246
428 249
428 250
428 251
429 240
429 241
429 242
429 243
429 244
429 245
429 246
429 247
429 248
429 249
429 250
429 251
430 241
430 242
430 243
430 244
430 245
430 246
430 247
430 248
430 249
430 250
430 251
430 252
431 242
431 244
431 245
431 246
431 247
431 248
431 249
431 250
431 251
431 252
432 242
432 245
432 246
432 247
432 248
432 249
432 250
432 251
432 252
433 243
433 246
433 247
433 248
433 249
434 244
434 245
