196 349
196 356
196 357
196 358
197 348
197 355
197 356
197 357
198 347
198 354
198 355
198 356
198 372
198 373
198 374
199 346
199 354
199 355
199 356
199 371
199 373
200 345
200 346
200 353
200 354
200 355
200 370
200 371
200 372
200 384
200 385
200 386
200 387
200 388
200 389
201 344
201 345
201 352
201 353
201 369
201 370
201 371
201 383
201 384
201 385
201 386
201 387
201 388
202 351
202 352
202 353
202 368
202 369
202 370
202 382
202 383
202 384
202 385
202 386
202 387
203 343
203 351
203 352
203 367
203 368
203 369
203 382
203 383
203 384
203 385
203 386
204 349
204 350
204 351
204 352
204 367
204 368
204 381
204 382
204 383
204 384
204 385
205 341
205 349
205 350
205 351
205 366
205 367
205 380
205 381
205 382
205 383
205 384
206 340
206 341
206 348
206 350
206 365
206 366
206 379
206 380
206 381
206 382
206 383
207 340
207 347
207 348
207 349
207 364
207 365
207 378
207 379
207 381
207 382
208 339
208 346
208 348
208 363
208 364
208 365
208 377
208 378
208 379
208 380
208 381
209 338
209 345
209 346
209 347
209 362
209 363
209 364
209 376
209 377
209 378
209 380
210 337
210 344
210 345
210 346
210 347
210 361
210 362
210 363
210 375
210 376
210 377
210 378
210 379
211 336
211 337
211 343
211 344
211 345
211 346
211 360
211 361
211 362
211 374
211 375
211 376
211 377
211 378
211 379
212 336
212 343
212 344
212 345
212 359
212 361
212 373
212 375
212 376
212 377
212 378
213 335
213 342
213 344
213 358
213 359
213 360
213 372
213 373
213 374
213 375
213 376
213 377
213 397
214 334
214 341
214 342
214 343
214 358
214 359
214 371
214 372
214 373
214 374
214 375
214 376
214 395
214 396
215 333
215 334
215 340
215 341
215 342
215 357
215 358
215 370
215 371
215 372
215 374
215 375
215 394
216 332
216 333
216 339
216 340
216 341
216 356
216 357
216 369
216 370
216 371
216 372
216 373
216 374
216 392
216 393
216 394
216 395
217 332
217 338
217 339
217 340
217 341
217 355
217 356
217 368
217 369
217 370
217 371
217 373
217 390
217 391
217 392
217 393
218 338
218 339
218 340
218 354
218 355
218 367
218 368
218 369
218 371
218 372
218 389
218 390
218 391
218 392
219 330
219 337
219 338
219 339
219 353
219 354
219 366
219 367
219 368
219 369
219 370
219 371
219 388
219 389
219 390
220 329
220 330
220 336
220 337
220 338
220 352
220 353
220 354
220 366
220 367
220 368
220 370
220 385
220 386
220 387
220 388
220 389
221 335
221 336
221 337
221 351
221 352
221 366
221 367
221 368
221 369
221 384
221 385
221 386
221 387
222 328
222 334
222 335
222 336
222 350
222 351
222 352
222 364
222 365
222 366
222 367
222 368
222 369
222 382
222 383
222 384
222 385
223 327
223 333
223 334
223 335
223 351
223 363
223 364
223 365
223 366
223 367
223 368
223 380
223 381
223 383
223 384
224 326
224 327
224 332
224 334
224 335
224 350
224 362
224 363
224 364
224 365
224 366
224 367
224 378
224 379
224 381
224 382
225 325
225 326
225 332
225 334
225 348
225 349
225 361
225 362
225 363
225 364
225 365
225 366
225 377
225 378
225 379
225 380
226 325
226 331
226 332
226 333
226 347
226 348
226 360
226 361
226 362
226 363
226 364
226 365
226 375
226 376
226 378
226 379
227 324
227 330
227 331
227 332
227 346
227 360
227 361
227 362
227 363
227 364
227 365
227 373
227 374
227 375
227 376
227 377
228 323
228 324
228 329
228 331
228 345
228 346
228 358
228 359
228 360
228 361
228 362
228 364
228 372
228 373
228 375
228 376
229 322
229 323
229 328
229 329
229 330
229 345
229 357
229 358
229 359
229 360
229 361
229 362
229 363
229 369
229 371
229 372
229 373
229 374
230 322
230 327
230 328
230 329
230 343
230 344
230 356
230 357
230 358
230 359
230 360
230 361
230 362
230 363
230 367
230 369
230 370
230 371
230 372
231 321
231 326
231 327
231 328
231 329
231 342
231 356
231 357
231 358
231 359
231 360
231 361
231 362
231 363
231 364
231 366
231 367
231 368
231 369
231 370
231 371
232 320
232 321
232 325
232 326
232 327
232 328
232 341
232 342
232 355
232 357
232 358
232 359
232 360
232 361
232 362
232 363
232 364
232 366
232 367
232 368
232 369
233 319
233 320
233 325
233 326
233 327
233 340
233 354
233 355
233 356
233 357
233 358
233 359
233 360
233 361
233 363
233 364
233 365
233 366
233 367
233 368
234 324
234 325
234 340
234 353
234 355
234 356
234 357
234 358
234 359
234 360
234 361
234 362
234 364
234 365
234 366
235 318
235 319
235 324
235 325
235 339
235 340
235 353
235 354
235 355
235 356
235 357
235 358
235 359
235 360
235 362
235 363
235 364
235 365
236 317
236 318
236 322
236 323
236 324
236 338
236 339
236 351
236 352
236 353
236 354
236 355
236 356
236 357
236 359
236 360
236 361
236 362
236 363
237 317
237 321
237 322
237 323
237 337
237 338
237 350
237 351
237 352
237 353
237 354
237 355
237 356
237 358
237 359
237 360
237 361
238 316
238 317
238 320
238 321
238 322
238 336
238 337
238 349
238 350
238 351
238 352
238 353
238 354
238 356
238 357
238 358
238 359
238 360
239 315
239 316
239 319
239 320
239 321
239 322
239 336
239 348
239 349
239 350
239 351
239 352
239 354
239 355
239 356
239 357
239 358
240 314
240 315
240 318
240 319
240 320
240 321
240 334
240 335
240 348
240 349
240 351
240 352
240 353
240 354
240 355
240 356
241 314
241 315
241 317
241 318
241 319
241 320
241 333
241 334
241 347
241 348
241 350
241 351
241 352
241 353
241 354
241 355
242 313
242 314
242 318
242 319
242 332
242 333
242 346
242 347
242 348
242 349
242 350
242 351
242 352
242 353
243 312
243 313
243 317
243 318
243 331
243 332
243 345
243 346
243 347
243 348
243 349
243 350
243 351
243 352
244 311
244 312
244 313
244 315
244 316
244 331
244 345
244 346
244 347
244 348
244 349
244 350
245 311
245 312
245 313
245 314
245 315
245 316
245 330
245 344
245 345
245 347
245 348
245 357
246 310
246 311
246 312
246 314
246 315
246 316
246 329
246 343
246 344
246 346
247 307
247 309
247 310
247 311
247 312
247 314
247 315
247 328
247 343
247 344
248 309
248 310
248 311
248 312
248 314
248 327
249 308
249 309
249 310
249 311
249 313
249 326
249 327
250 307
250 309
250 310
250 311
250 312
250 325
250 326
251 307
251 308
251 309
251 310
251 311
251 324
251 325
252 307
252 308
252 309
252 310
252 323
252 324
253 305
253 306
253 307
253 309
253 322
253 323
254 302
254 305
254 306
254 307
254 308
254 309
254 322
254 344
255 304
255 305
255 307
255 308
255 321
256 303
256 305
256 306
256 307
256 320
257 302
257 303
257 304
257 305
257 306
257 319
257 340
258 302
258 303
258 305
258 318
259 301
259 302
259 303
259 304
259 317
259 337
260 301
260 302
260 303
261 297
261 300
261 301
261 302
261 315
261 316
262 299
262 300
262 301
262 314
263 299
263 301
263 314
264 298
264 299
264 300
264 313
265 297
265 298
265 299
265 312
266 298
266 311
267 296
267 297
267 310
268 296
268 309
269 308
270 322
271 290
271 306
272 305
273 305
274 304
275 303
276 302
276 313
277 300
277 301
277 313
278 300
280 298
281 308
283 296
284 295
284 303
285 294
287 292
288 291
288 298
291 289
292 288
293 287
293 292
294 286
294 291
298 283
299 282
299 285
300 281
300 284
302 280
303 279
303 280
304 278
304 279
305 277
305 278
362 603
363 586
363 603
363 604
364 602
364 603
364 604
365 601
365 602
365 603
365 604
366 601
366 602
366 603
366 604
366 605
367 600
367 601
367 602
367 603
367 604
367 605
367 606
368 599
368 600
368 601
368 602
368 603
368 604
368 605
369 568
369 599
369 600
369 601
369 602
369 603
369 604
369 605
369 606
370 567
370 598
370 599
370 600
370 602
370 603
370 604
370 605
370 606
371 567
371 598
371 599
371 600
371 602
371 603
371 604
371 605
371 606
372 599
372 600
372 601
372 602
372 603
372 604
372 605
373 566
373 597
373 599
373 600
373 601
373 602
373 603
373 604
373 605
374 566
374 597
374 598
374 600
374 601
374 602
374 603
374 604
374 605
375 566
375 597
375 598
375 600
375 601
375 602
375 603
375 604
375 605
376 566
376 597
376 598
376 599
376 601
376 602
376 603
376 604
376 605
377 566
377 597
377 598
377 599
377 600
377 601
377 602
377 603
377 605
378 566
378 597
378 598
378 599
378 600
378 601
378 603
378 604
378 605
379 566
379 597
379 598
379 599
379 600
379 602
379 603
379 604
379 605
380 598
380 599
380 601
380 602
380 603
380 604
380 605
380 606
381 567
381 598
381 599
381 600
381 601
381 603
381 604
381 605
381 606
382 600
382 601
382 602
382 603
382 604
382 605
382 606
383 568
383 599
383 600
383 601
383 602
383 604
383 605
383 606
383 607
383 608
384 569
384 600
384 601
384 602
384 603
384 604
384 605
384 607
384 608
384 609
385 570
385 601
385 602
385 604
385 605
385 606
385 607
385 608
385 609
386 571
386 602
386 603
386 605
386 606
386 607
386 608
386 609
386 610
387 603
387 604
387 606
387 607
387 608
387 609
387 610
387 612
388 574
388 604
388 606
388 607
388 608
388 609
388 610
388 612
389 606
389 607
389 608
389 609
389 610
390 608
390 610
391 609
442 580
443 569
444 558
504 132
511 127
546 97
547 96
548 96
552 90
553 89
553 90
554 87
555 86
556 85
557 86
559 83
561 80
564 75
566 71
566 72
567 71
569 66
570 65
740 347
741 349
742 351
749 366
750 368
751 370
