344 38
344 39
345 35
345 36
345 37
346 32
346 33
346 34
346 35
346 36
347 29
347 30
347 31
347 32
347 33
347 34
348 25
348 26
348 27
348 28
348 29
348 30
348 31
348 32
348 33
349 22
349 23
349 24
349 25
349 26
349 27
349 28
349 29
349 30
349 31
350 19
350 20
350 21
350 22
350 23
350 24
350 25
350 26
350 27
350 28
350 29
350 30
351 16
351 17
351 18
351 19
351 20
351 21
351 22
351 23
351 24
351 25
351 26
351 27
351 28
352 12
352 13
352 14
352 15
352 16
352 17
352 18
352 19
352 20
352 21
352 22
352 23
352 24
352 25
352 26
352 27
353 9
353 10
353 11
353 12
353 13
353 14
353 15
353 16
353 17
353 18
353 19
353 20
353 21
353 22
353 23
353 24
353 25
354 5
354 6
354 7
354 8
354 9
354 10
354 11
354 12
354 13
354 14
354 15
354 16
354 17
354 18
354 19
354 20
354 21
354 22
354 23
355 1
355 2
355 3
355 4
355 5
355 6
355 7
355 8
355 9
355 10
355 11
355 12
355 13
355 14
355 15
355 16
355 17
355 18
355 19
355 20
355 21
356 -3
356 -2
356 -1
356 0
356 1
356 2
356 3
356 4
356 5
356 6
356 7
356 8
356 9
356 10
356 11
356 12
356 13
356 14
356 15
356 16
356 17
356 18
356 19
356 20
357 -7
357 -6
357 -5
357 -4
357 -3
357 -2
357 -1
357 0
357 1
357 2
357 3
357 4
357 5
357 6
357 7
357 8
357 9
357 10
357 11
357 12
357 13
357 14
357 15
357 16
357 17
357 18
358 -11
358 -10
358 -9
358 -8
358 -7
358 -6
358 -5
358 -4
358 -3
358 -2
358 -1
358 0
358 1
358 2
358 3
358 4
358 5
358 6
358 7
358 8
358 9
358 10
358 11
358 12
358 13
358 14
358 15
359 -15
359 -14
359 -13
359 -12
359 -11
359 -10
359 -9
359 -8
359 -7
359 -6
359 -5
359 -4
359 -3
359 -2
359 -1
359 0
359 1
359 2
359 3
359 4
359 5
359 6
359 7
359 8
359 9
359 10
359 11
360 -20
360 -19
360 -18
360 -17
360 -16
360 -15
360 -14
360 -13
360 -12
360 -11
360 -10
360 -9
360 -8
360 -7
360 -6
360 -5
360 -4
360 -3
360 -2
360 -1
360 0
360 1
360 2
360 3
360 4
360 5
360 6
360 7
361 -25
361 -24
361 -23
361 -22
361 -21
361 -20
361 -19
361 -18
361 -17
361 -16
361 -15
361 -14
361 -13
361 -12
361 -11
361 -10
361 -9
361 -8
361 -7
361 -6
361 -5
361 -4
361 -3
361 -2
361 -1
361 0
361 1
361 2
361 3
361 4
362 -31
362 -30
362 -29
362 -28
362 -27
362 -26
362 -25
362 -24
362 -23
362 -22
362 -21
362 -20
362 -19
362 -18
362 -17
362 -16
362 -15
362 -14
362 -13
362 -12
362 -11
362 -10
362 -9
362 -8
362 -7
362 -6
362 -5
362 -4
362 -3
362 -2
362 -1
362 0
363 -38
363 -37
363 -36
363 -35
363 -34
363 -33
363 -32
363 -31
363 -30
363 -29
363 -28
363 -27
363 -26
363 -25
363 -24
363 -23
363 -22
363 -21
363 -20
363 -19
363 -18
363 -17
363 -16
363 -15
363 -14
363 -13
363 -12
363 -11
363 -10
363 -9
363 -8
363 -7
363 -6
363 -5
363 -4
364 -46
364 -45
364 -44
364 -43
364 -42
364 -41
364 -40
364 -39
364 -38
364 -37
364 -36
364 -35
364 -34
364 -33
364 -32
364 -31
364 -30
364 -29
364 -28
364 -27
364 -26
364 -25
364 -24
364 -23
364 -22
364 -21
364 -20
364 -19
364 -18
364 -17
364 -16
364 -15
364 -14
364 -13
364 -12
364 -11
364 -10
364 -9
365 -61
365 -60
365 -59
365 -58
365 -57
365 -56
365 -55
365 -54
365 -53
365 -52
365 -51
365 -50
365 -49
365 -48
365 -47
365 -46
365 -45
365 -44
365 -43
365 -42
365 -41
365 -40
365 -39
365 -38
365 -37
365 -36
365 -35
365 -34
365 -33
365 -32
365 -31
365 -30
365 -29
365 -28
365 -27
365 -26
365 -25
365 -24
365 -23
365 -22
365 -21
365 -20
365 -19
365 -18
365 -17
365 -16
365 -15
365 -14
365 -13
366 -61
366 -60
366 -59
366 -58
366 -57
366 -56
366 -55
366 -54
366 -53
366 -52
366 -51
366 -50
366 -49
366 -48
366 -47
366 -46
366 -45
366 -44
366 -43
366 -42
366 -41
366 -40
366 -39
366 -38
366 -37
366 -36
366 -35
366 -34
366 -33
366 -32
366 -31
366 -30
366 -29
366 -28
366 -27
366 -26
366 -25
366 -24
366 -23
366 -22
366 -21
366 -20
366 -19
366 -18
367 -61
367 -60
367 -59
367 -58
367 -57
367 -56
367 -55
367 -54
367 -53
367 -52
367 -51
367 -50
367 -49
367 -48
367 -47
367 -46
367 -45
367 -44
367 -43
367 -42
367 -41
367 -40
367 -39
367 -38
367 -37
367 -36
367 -35
367 -34
367 -33
367 -32
367 -31
367 -30
367 -29
367 -28
367 -27
367 -26
367 -25
367 -24
367 -23
368 -61
368 -60
368 -59
368 -58
368 -57
368 -56
368 -55
368 -54
368 -53
368 -52
368 -51
368 -50
368 -49
368 -48
368 -47
368 -46
368 -45
368 -44
368 -43
368 -42
368 -41
368 -40
368 -39
368 -38
368 -37
368 -36
368 -35
368 -34
368 -33
368 -32
368 -31
368 -30
368 -29
368 -28
369 -61
369 -60
369 -59
369 -58
369 -57
369 -56
369 -55
369 -54
369 -53
369 -52
369 -51
369 -50
369 -49
369 -48
369 -47
369 -46
369 -45
369 -44
369 -43
369 -42
369 -41
369 -40
369 -39
369 -38
369 -37
369 -36
369 -35
369 -34
370 -61
370 -60
370 -59
370 -58
370 -57
370 -56
370 -55
370 -54
370 -53
370 -52
370 -51
370 -50
370 -49
370 -48
370 -47
370 -46
370 -45
370 -44
370 -43
370 -42
371 -61
371 -60
371 -59
371 -58
371 -57
371 -56
371 -55
371 -54
371 -53
371 -52
371 -51
532 -61
532 -60
532 -59
533 -59
533 -58
533 -57
534 -57
534 -56
534 -55
534 -54
535 -54
535 -53
535 -52
535 -51
536 -52
536 -51
536 -50
536 -49
536 -48
537 -49
537 -48
537 -47
537 -46
537 -45
537 288
537 289
538 -46
538 -45
538 -44
538 -43
538 -42
538 280
538 281
538 282
538 283
538 284
539 -44
539 -43
539 -42
539 -41
539 -40
539 -39
539 273
539 274
539 275
539 276
539 277
539 278
539 279
540 -41
540 -40
540 -39
540 -38
540 -37
540 -36
540 265
540 266
540 267
540 268
540 269
540 270
540 271
540 272
540 273
540 274
541 -38
541 -37
541 -36
541 -35
541 -34
541 -33
541 258
541 259
541 260
541 261
541 262
541 263
541 264
541 265
541 266
541 267
541 268
541 269
542 -35
542 -34
542 -33
542 -32
542 -31
542 -30
542 251
542 252
542 253
542 254
542 255
542 256
542 257
542 258
542 259
542 260
542 261
542 262
542 263
542 264
543 -32
543 -31
543 -30
543 -29
543 -28
543 -27
543 -26
543 244
543 245
543 246
543 247
543 248
543 249
543 250
543 251
543 252
543 253
543 254
543 255
543 256
543 257
543 258
543 259
544 -29
544 -28
544 -27
544 -26
544 -25
544 -24
544 -23
544 236
544 237
544 238
544 239
544 240
544 241
544 242
544 243
544 244
544 245
544 246
544 247
544 248
544 249
544 250
544 251
544 252
544 253
545 -25
545 -24
545 -23
545 -22
545 -21
545 -20
545 -19
545 229
545 230
545 231
545 232
545 233
545 234
545 235
545 236
545 237
545 238
545 239
545 240
545 241
545 242
545 243
545 244
545 245
545 246
545 247
545 248
546 -22
546 -21
546 -20
546 -19
546 -18
546 -17
546 -16
546 222
546 223
546 224
546 225
546 226
546 227
546 228
546 229
546 230
546 231
546 232
546 233
546 234
546 235
546 236
546 237
546 238
546 239
546 240
546 241
546 242
546 243
547 -18
547 -17
547 -16
547 -15
547 -14
547 -13
547 -12
547 215
547 216
547 217
547 218
547 219
547 220
547 221
547 222
547 223
547 224
547 225
547 226
547 227
547 228
547 229
547 230
547 231
547 232
547 233
547 234
547 235
547 236
547 237
548 -15
548 -14
548 -13
548 -12
548 -11
548 -10
548 -9
548 -8
548 207
548 208
548 209
548 210
548 211
548 212
548 213
548 214
548 215
548 216
548 217
548 218
548 219
548 220
548 221
548 222
548 223
548 224
548 225
548 226
548 227
548 228
548 229
548 230
548 231
548 232
549 -11
549 -10
549 -9
549 -8
549 -7
549 -6
549 -5
549 -4
549 -3
549 199
549 200
549 201
549 202
549 203
549 204
549 205
549 206
549 207
549 208
549 209
549 210
549 211
549 212
549 213
549 214
549 215
549 216
549 217
549 218
549 219
549 220
549 221
549 222
549 223
549 224
549 225
549 226
550 -7
550 -6
550 -5
550 -4
550 -3
550 -2
550 -1
550 0
550 1
550 192
550 193
550 194
550 195
550 196
550 197
550 198
550 199
550 200
550 201
550 202
550 203
550 204
550 205
550 206
550 207
550 208
550 209
550 210
550 211
550 212
550 213
550 214
550 215
550 216
550 217
550 218
550 219
550 220
551 -3
551 -2
551 -1
551 0
551 1
551 2
551 3
551 4
551 5
551 6
551 184
551 185
551 186
551 187
551 188
551 189
551 190
551 191
551 192
551 193
551 194
551 195
551 196
551 197
551 198
551 199
551 200
551 201
551 202
551 203
551 204
551 205
551 206
551 207
551 208
551 209
551 210
551 211
551 212
551 213
551 214
552 -44
552 2
552 3
552 4
552 5
552 6
552 7
552 8
552 9
552 10
552 11
552 175
552 176
552 177
552 178
552 179
552 180
552 181
552 182
552 183
552 184
552 185
552 186
552 187
552 188
552 189
552 190
552 191
552 192
552 193
552 194
552 195
552 196
552 197
552 198
552 199
552 200
552 201
552 202
552 203
552 204
552 205
552 206
552 207
552 208
552 330
553 -56
553 7
553 8
553 9
553 10
553 11
553 12
553 13
553 14
553 15
553 16
553 169
553 170
553 171
553 172
553 173
553 174
553 175
553 176
553 177
553 178
553 179
553 180
553 181
553 182
553 183
553 184
553 185
553 186
553 187
553 188
553 189
553 190
553 191
553 192
553 193
553 194
553 195
553 196
553 197
553 198
553 199
553 200
553 201
553 321
554 11
554 12
554 13
554 14
554 15
554 16
554 17
554 18
554 19
554 20
554 21
554 22
554 162
554 163
554 164
554 165
554 166
554 167
554 168
554 169
554 170
554 171
554 172
554 173
554 174
554 175
554 176
554 177
554 178
554 179
554 180
554 181
554 182
554 183
554 184
554 185
554 186
554 187
554 188
554 189
554 190
554 191
554 192
554 193
554 194
554 312
555 -51
555 -36
555 17
555 18
555 19
555 20
555 21
555 22
555 23
555 24
555 25
555 26
555 27
555 28
555 29
555 154
555 155
555 156
555 157
555 158
555 159
555 160
555 161
555 162
555 163
555 164
555 165
555 166
555 167
555 168
555 169
555 170
555 171
555 172
555 173
555 174
555 175
555 176
555 177
555 178
555 179
555 180
555 181
555 182
555 183
555 184
555 185
555 186
555 187
555 303
556 23
556 24
556 25
556 26
556 27
556 28
556 29
556 30
556 31
556 32
556 33
556 34
556 35
556 36
556 37
556 145
556 146
556 147
556 148
556 149
556 150
556 151
556 152
556 153
556 154
556 155
556 156
556 157
556 158
556 159
556 160
556 161
556 162
556 163
556 164
556 165
556 166
556 167
556 168
556 169
556 170
556 171
556 172
556 173
556 174
556 175
556 176
556 177
556 178
556 179
556 180
556 294
557 -46
557 29
557 30
557 31
557 32
557 33
557 34
557 35
557 36
557 37
557 38
557 39
557 40
557 41
557 42
557 43
557 44
557 45
557 46
557 135
557 136
557 137
557 138
557 139
557 140
557 141
557 142
557 143
557 144
557 145
557 146
557 147
557 148
557 149
557 150
557 151
557 152
557 153
557 154
557 155
557 156
557 157
557 158
557 159
557 160
557 161
557 162
557 163
557 164
557 165
557 166
557 167
557 168
557 169
557 170
557 171
557 172
557 285
558 36
558 37
558 38
558 39
558 40
558 41
558 42
558 43
558 44
558 45
558 46
558 47
558 48
558 49
558 50
558 51
558 52
558 53
558 54
558 55
558 56
558 57
558 58
558 122
558 123
558 124
558 125
558 126
558 127
558 128
558 129
558 130
558 131
558 132
558 133
558 134
558 135
558 136
558 137
558 138
558 139
558 140
558 141
558 142
558 143
558 144
558 145
558 146
558 147
558 148
558 149
558 150
558 151
558 152
558 153
558 154
558 155
558 156
558 157
558 158
558 159
558 160
558 161
558 162
558 163
558 275
558 276
559 44
559 45
559 46
559 47
559 48
559 49
559 50
559 51
559 52
559 53
559 54
559 55
559 56
559 57
559 58
559 59
559 60
559 61
559 62
559 63
559 64
559 65
559 66
559 67
559 68
559 69
559 70
559 71
559 72
559 73
559 74
559 75
559 76
559 77
559 78
559 79
559 80
559 98
559 99
559 100
559 101
559 102
559 103
559 104
559 105
559 106
559 107
559 108
559 109
559 110
559 111
559 112
559 113
559 114
559 115
559 116
559 117
559 118
559 119
559 120
559 121
559 122
559 123
559 124
559 125
559 126
559 127
559 128
559 129
559 130
559 131
559 132
559 133
559 134
559 135
559 136
559 137
559 138
559 139
559 140
559 141
559 142
559 143
559 144
559 145
559 146
559 147
559 148
559 149
559 150
559 151
559 152
559 153
559 266
560 -38
560 54
560 55
560 56
560 57
560 58
560 59
560 60
560 61
560 62
560 63
560 64
560 65
560 66
560 67
560 68
560 69
560 70
560 71
560 72
560 73
560 74
560 75
560 76
560 77
560 78
560 79
560 80
560 81
560 82
560 83
560 84
560 85
560 86
560 87
560 88
560 89
560 90
560 91
560 92
560 93
560 94
560 95
560 96
560 97
560 98
560 99
560 100
560 101
560 102
560 103
560 104
560 105
560 106
560 107
560 108
560 109
560 110
560 111
560 112
560 113
560 114
560 115
560 116
560 117
560 118
560 119
560 120
560 121
560 122
560 123
560 124
560 125
560 126
560 127
560 128
560 129
560 130
560 131
560 132
560 133
560 134
560 135
560 136
560 137
560 138
560 139
560 140
560 141
560 142
560 256
561 67
561 68
561 69
561 70
561 71
561 72
561 73
561 74
561 75
561 76
561 77
561 78
561 79
561 80
561 81
561 82
561 83
561 84
561 85
561 86
561 87
561 88
561 89
561 90
561 91
561 92
561 93
561 94
561 95
561 96
561 97
561 98
561 99
561 100
561 101
561 102
561 103
561 104
561 105
561 106
561 107
561 108
561 109
561 110
561 111
561 112
561 113
561 114
561 115
561 116
561 117
561 118
561 119
561 120
561 121
561 122
561 123
561 124
561 125
561 126
561 127
561 246
562 235
562 236
563 224
563 225
564 -27
564 44
564 213
565 -24
565 52
565 200
565 201
566 -21
566 -1
566 61
566 187
567 -18
567 73
567 171
567 172
568 -15
568 89
568 90
568 150
568 151
569 -12
573 1
574 30
575 8
576 39
577 15
578 19
580 26
580 59
581 30
581 62
582 34
583 38
584 42
584 83
585 86
586 51
586 93
586 97
587 55
587 105
588 60
588 113
589 58
589 64
589 123
590 69
590 133
591 74
591 87
591 137
591 145
591 146
592 79
592 149
592 160
593 76
593 84
593 164
594 89
594 184
595 94
596 99
596 100
597 105
598 110
598 111
598 117
599 116
600 111
600 121
600 122
601 127
601 128
602 122
602 133
602 134
603 140
604 146
604 147
605 152
605 153
606 159
606 160
607 166
607 167
608 158
608 173
608 174
609 180
609 181
609 182
610 188
610 189
611 196
611 197
612 204
612 205
612 206
612 242
613 193
613 212
613 213
613 214
613 215
613 253
614 222
614 223
614 224
614 266
614 267
615 231
615 232
615 233
615 234
615 282
615 283
615 284
615 285
616 242
616 243
616 244
616 245
616 309
616 310
616 311
616 312
616 313
616 314
616 315
616 316
616 317
616 318
616 319
616 320
616 321
616 322
616 323
616 324
616 325
616 326
616 327
616 328
616 329
616 330
616 331
616 332
616 333
616 334
616 335
616 336
616 337
616 338
616 339
616 340
617 254
617 255
617 256
617 257
617 258
618 268
618 269
618 270
618 271
618 272
618 273
618 274
619 287
619 288
619 289
619 290
619 291
619 292
619 293
619 294
619 295
619 296
619 297
619 298
619 299
619 300
619 301
622 268
624 309
713 -61
713 -60
713 -59
713 -58
713 -57
713 -56
713 -55
714 -61
714 -60
714 -59
714 -58
714 -57
714 -56
714 -55
714 -54
714 -53
714 -52
714 -51
714 -50
714 -49
714 -48
714 -47
715 -61
715 -60
715 -59
715 -58
715 -57
715 -56
715 -55
715 -54
715 -53
715 -52
715 -51
715 -50
715 -49
715 -48
715 -47
715 -46
715 -45
715 -44
715 -43
715 -42
715 -41
715 -40
716 -61
716 -60
716 -59
716 -58
716 -57
716 -56
716 -55
716 -54
716 -53
716 -52
716 -51
716 -50
716 -49
716 -48
716 -47
716 -46
716 -45
716 -44
716 -43
716 -42
716 -41
716 -40
716 -39
716 -38
716 -37
716 -36
716 -35
716 -34
717 -50
717 -49
717 -48
717 -47
717 -46
717 -45
717 -44
717 -43
717 -42
717 -41
717 -40
717 -39
717 -38
717 -37
717 -36
717 -35
717 -34
717 -33
717 -32
717 -31
717 -30
717 -29
718 -40
718 -39
718 -38
718 -37
718 -36
718 -35
718 -34
718 -33
718 -32
718 -31
718 -30
718 -29
718 -28
718 -27
718 -26
718 -25
718 -24
718 -23
719 -32
719 -31
719 -30
719 -29
719 -28
719 -27
719 -26
719 -25
719 -24
719 -23
719 -22
719 -21
719 -20
719 -19
719 -18
720 -25
720 -24
720 -23
720 -22
720 -21
720 -20
720 -19
720 -18
720 -17
721 -19
721 -18
721 -17
721 -16
