-60 178
-59 176
-59 178
-59 179
-58 178
-58 179
-58 180
-57 178
-57 179
-57 181
-57 182
-56 180
-56 181
-56 183
-55 182
-55 183
-55 184
-54 183
-54 185
-54 186
-53 184
-53 185
-53 187
-53 188
-52 186
-52 187
-52 189
-51 187
-51 188
-51 190
-51 191
-50 189
-50 190
-50 192
-49 190
-49 192
-49 193
-49 194
-48 192
-48 193
-48 194
-48 195
-47 194
-47 196
-47 197
-46 195
-46 196
-46 197
-46 198
-45 197
-45 198
-45 200
-44 198
-44 199
-44 200
-44 202
-43 201
-43 202
-43 203
-42 202
-42 203
-42 204
-42 205
-41 203
-41 204
-41 205
-40 206
-40 207
-40 208
-39 122
-39 207
-39 208
-39 209
-39 210
-38 124
-38 210
-38 211
-38 212
-37 126
-37 210
-37 211
-37 213
-36 128
-36 212
-36 213
-36 214
-36 215
-34 132
-32 136
89 -23
94 -18
96 -16
97 -15
98 -14
99 -13
100 -12
101 -11
102 -10
103 -9
104 -8
105 -7
106 -6
106 -5
107 -5
107 -4
108 -3
109 -3
110 -2
110 -1
111 0
112 0
112 1
113 1
113 2
114 2
115 4
116 5
117 6
118 7
119 5
119 6
119 8
120 7
120 9
121 7
121 8
121 10
122 9
122 10
122 12
122 22
123 10
123 13
124 11
124 12
125 13
125 15
126 13
126 14
126 16
127 14
127 17
128 15
128 16
128 17
129 17
129 19
130 18
130 19
131 20
131 21
132 21
133 21
133 22
134 23
134 24
135 24
135 25
135 26
136 25
137 -7
137 27
138 -6
138 28
138 29
139 -5
140 -4
141 -3
142 -2
146 54
148 10
149 11
150 12
154 9
156 11
157 12
158 13
160 75
166 20
167 21
168 22
169 23
170 24
171 25
174 98
175 36
178 31
178 105
179 32
181 34
183 86
183 87
183 114
184 87
184 88
184 89
185 88
185 89
185 91
186 -31
186 89
186 90
186 93
187 -31
187 -30
187 91
187 92
187 93
188 -31
188 -30
188 40
188 91
188 92
188 93
188 95
189 -30
189 -29
189 41
189 92
189 93
189 95
189 96
189 98
190 -31
190 -29
190 -28
190 93
190 95
190 97
190 98
190 100
191 -31
191 -30
191 -29
191 -28
191 95
191 96
191 99
191 100
191 101
191 102
192 -31
192 -30
192 -29
192 -28
192 -27
192 43
192 95
192 97
192 99
192 101
192 102
192 103
193 -30
193 -28
193 -27
193 44
193 97
193 98
193 100
193 101
193 102
193 104
193 105
194 -30
194 -29
194 -28
194 -27
194 45
194 100
194 102
194 103
194 104
194 106
194 107
195 -29
195 -28
195 -27
195 -26
195 -25
195 99
195 100
195 101
195 102
195 104
195 106
195 107
195 108
195 109
196 -29
196 -28
196 -27
196 -26
196 -25
196 101
196 102
196 104
196 105
196 106
196 108
196 109
196 110
197 -28
197 -27
197 -26
197 -25
197 -24
197 103
197 105
197 106
197 107
197 109
197 111
197 112
198 -27
198 -26
198 -25
198 -24
198 -23
198 48
198 103
198 105
198 107
198 108
198 109
198 110
198 111
198 113
198 114
199 -26
199 -25
199 -24
199 -23
199 49
199 104
199 106
199 107
199 110
199 111
199 112
199 113
199 114
199 116
200 -26
200 -25
200 -23
200 -22
200 50
200 106
200 108
200 109
200 111
200 112
200 113
200 115
200 116
200 117
200 131
201 -25
201 -23
201 -22
201 51
201 60
201 107
201 108
201 109
201 115
201 116
201 117
201 119
202 -25
202 -24
202 -23
202 -21
202 108
202 117
202 118
202 119
202 120
203 -24
203 -22
203 -21
203 -20
203 110
203 119
203 120
203 121
203 123
204 -24
204 -23
204 -22
204 -20
204 53
204 111
204 112
204 121
204 122
204 124
204 125
205 -23
205 -22
205 -21
205 -20
205 -19
205 54
205 123
205 124
205 126
206 -22
206 -21
206 -20
206 -19
206 55
206 114
206 126
206 127
206 128
207 -22
207 -21
207 -19
207 -18
207 115
207 127
207 128
207 129
207 130
208 -21
208 -20
208 -19
208 -18
208 116
208 129
208 131
208 132
209 -20
209 -19
209 -18
209 -17
209 117
209 131
209 132
209 134
210 -20
210 -18
210 -17
210 -16
210 133
210 135
210 136
211 -19
211 -18
211 -16
211 59
211 135
211 137
211 138
212 -19
212 -18
212 -16
212 -15
212 60
212 137
212 138
213 -17
213 -16
213 -15
213 140
213 141
214 -18
214 -17
214 -16
214 -15
214 -14
214 141
214 143
215 -17
215 -16
215 -15
215 -14
215 144
215 145
216 -16
216 -15
216 -14
216 -13
216 63
216 145
216 146
217 -16
217 -15
217 -14
217 -13
217 64
217 147
217 148
217 149
218 -15
218 -14
218 -13
218 -12
218 65
218 149
218 150
219 -15
219 -14
219 -13
219 -12
219 150
219 152
219 153
220 -14
220 -13
220 -12
220 -11
220 152
220 154
220 155
221 -14
221 -12
221 -11
221 -10
221 67
221 154
221 155
221 156
222 -13
222 -12
222 -11
222 -10
222 68
222 157
222 158
222 159
223 -12
223 -11
223 -10
223 -9
223 158
223 160
223 161
224 -11
224 -10
224 -9
224 69
224 160
224 161
224 163
225 -11
225 -9
225 -8
225 70
225 162
225 164
225 165
226 -11
226 -10
226 -9
226 -8
226 164
226 165
226 166
227 -10
227 -9
227 -8
227 72
227 167
227 168
227 169
228 -10
228 -9
228 -8
228 -7
228 168
228 170
228 171
229 -9
229 -8
229 -7
229 -6
229 73
229 171
229 172
229 173
230 -8
230 -7
230 -6
230 74
230 172
230 173
230 174
231 -8
231 -7
231 -5
231 75
231 175
231 176
231 177
232 -7
232 -6
232 -5
232 176
232 177
232 179
233 -7
233 -6
233 -5
233 -4
233 76
233 179
233 180
234 -6
234 -5
234 -4
234 77
234 181
234 183
235 -6
235 -5
235 -3
235 78
235 183
235 185
236 -5
236 -4
236 78
236 185
236 186
237 -4
237 -3
237 -2
237 79
237 187
237 188
238 -3
238 -2
238 80
238 189
238 191
239 -4
239 -3
239 -2
239 -1
239 81
239 191
239 193
240 -3
240 -2
240 -1
240 81
240 194
241 -3
241 -2
241 -1
241 0
241 82
242 -2
242 -1
242 0
242 83
243 0
243 1
244 -1
244 0
245 0
245 1
245 85
246 0
246 1
246 2
246 86
247 1
247 2
247 3
248 1
248 2
249 2
249 3
249 88
250 2
250 3
250 4
250 88
251 3
251 4
251 89
252 3
252 4
252 5
252 90
253 4
253 5
254 4
254 5
254 6
254 91
255 6
255 92
256 5
256 6
256 7
256 93
257 6
257 7
258 6
258 7
259 7
259 8
259 95
260 8
260 95
261 8
261 9
261 96
262 8
262 9
262 97
263 9
263 10
263 97
264 9
264 10
264 98
265 10
266 10
267 11
268 11
268 12
269 12
270 12
272 13
273 14
274 14
275 14
276 15
277 15
278 16
279 16
281 17
