202 19
213 11
217 8
222 4
227 0
228 -1
235 -7
236 -8
237 -9
238 -10
239 -11
240 -12
240 103
241 -13
241 102
242 -14
243 -15
243 98
244 -16
245 -17
245 94
246 -18
246 92
246 93
247 90
247 91
248 89
249 87
250 85
251 83
270 -20
271 -21
272 -22
273 -23
279 7
280 -29
281 -30
283 -32
283 166
283 167
283 168
284 161
284 163
284 164
284 165
284 166
285 156
285 157
285 159
285 160
285 161
285 162
285 163
285 165
286 152
286 153
286 154
286 155
286 156
286 157
286 158
286 159
286 160
287 -36
287 146
287 147
287 148
287 149
287 150
287 151
287 152
287 153
287 154
287 155
287 156
288 -37
288 140
288 141
288 142
288 143
288 144
288 145
288 146
288 147
288 148
288 149
288 150
288 151
289 -38
289 134
289 135
289 136
289 137
289 138
289 139
289 140
289 142
289 143
289 144
289 145
289 146
290 107
290 108
290 109
290 110
290 127
290 129
290 130
290 131
290 132
290 133
290 134
290 135
290 136
290 137
290 138
290 139
290 140
290 141
291 -40
291 103
291 105
291 106
291 107
291 108
291 109
291 110
291 111
291 112
291 113
291 114
291 115
291 116
291 117
291 118
291 119
291 120
291 121
291 122
291 123
291 124
291 125
291 126
291 128
291 129
291 130
291 131
291 132
291 133
291 134
291 135
291 153
292 102
292 103
292 104
292 106
292 107
292 109
292 110
292 111
292 114
292 115
292 116
292 117
292 118
292 119
292 120
292 121
292 123
292 124
292 125
292 126
292 127
292 128
292 129
292 151
293 -42
293 101
293 102
293 103
293 106
293 107
293 108
293 109
293 110
293 111
293 112
293 113
293 114
293 115
293 116
293 117
293 118
293 119
293 120
293 121
293 122
294 -43
294 51
294 103
294 104
294 106
294 107
294 108
294 109
294 110
294 111
294 112
294 113
294 115
295 -44
296 -45
297 -46
297 148
328 60
448 266
485 254
485 255
485 256
485 257
486 251
486 252
486 253
486 254
486 255
486 256
487 249
487 250
487 251
487 252
487 253
487 254
487 255
488 248
488 249
488 250
488 251
488 254
489 247
489 248
489 250
489 251
489 252
489 253
490 246
490 247
490 248
490 249
490 250
490 251
490 252
491 245
491 247
491 248
491 249
491 250
492 244
492 246
492 247
492 248
492 249
492 250
492 251
492 252
493 244
493 245
493 246
493 247
493 249
493 250
493 251
493 252
494 244
494 245
494 247
494 248
494 249
494 250
494 252
495 244
495 245
495 246
495 247
495 248
495 249
495 250
495 251
495 252
495 253
496 245
496 246
496 247
496 248
496 249
496 251
496 252
496 253
497 246
497 247
497 249
497 250
497 251
497 252
497 253
497 255
498 247
498 248
498 249
498 250
498 251
498 252
498 253
498 254
498 255
635 -49
636 -49
636 -48
636 -47
637 -48
637 -47
637 -45
638 -46
638 -45
638 -44
638 -43
639 -44
639 -43
639 -42
639 -41
640 -41
640 -40
640 -39
641 -40
641 -39
641 -38
641 -37
642 -38
642 -36
642 -35
643 -36
644 -34
644 -33
644 -32
645 -32
645 -30
646 -30
646 -29
647 -29
647 -28
647 -26
648 -27
648 -26
648 -25
648 -24
649 -24
649 -23
649 -22
650 -23
650 -22
650 -21
650 -20
651 -21
651 -20
651 -19
651 -18
652 -19
652 -18
652 -17
652 -16
653 -17
653 -16
653 -15
653 -14
654 -15
654 -14
654 -13
654 -12
655 -14
655 -13
655 -11
656 -12
656 -11
656 -10
656 -9
657 -10
657 -9
657 -8
657 -7
658 -7
658 -6
658 -5
659 -6
659 -5
659 -4
660 -5
660 -4
660 -3
660 -2
660 -1
661 -3
661 -2
661 -1
661 0
662 -1
662 0
662 1
662 2
662 3
663 1
663 2
663 3
663 4
663 5
664 3
664 4
664 5
664 6
665 4
665 5
665 6
665 7
666 6
666 7
666 8
666 9
666 10
667 8
667 9
667 10
667 11
667 12
668 9
668 10
668 12
668 13
668 14
669 11
669 14
669 15
670 13
670 14
670 16
670 17
670 18
671 15
671 18
671 20
672 16
672 17
672 19
672 21
673 18
673 19
673 21
673 22
673 23
674 20
674 23
674 24
674 25
675 21
675 22
675 26
675 27
676 23
676 24
676 27
676 28
676 29
677 25
677 29
677 30
677 31
678 26
678 27
678 30
678 31
678 32
678 33
679 28
679 32
679 33
679 34
680 34
680 35
680 36
681 31
681 32
681 36
681 38
682 33
682 34
682 38
682 40
683 35
683 39
683 40
683 41
683 42
684 36
684 41
684 42
684 43
684 44
685 39
685 43
685 44
685 45
686 40
686 45
686 46
686 47
687 41
687 42
687 46
687 47
687 48
687 49
688 48
688 49
688 50
688 76
688 78
689 45
689 50
689 51
689 52
689 53
690 46
690 47
690 52
690 53
690 54
690 55
691 48
691 54
691 55
691 56
691 57
692 50
692 55
692 56
692 57
692 58
693 51
693 57
693 58
693 59
693 60
694 52
694 53
694 59
694 60
694 61
694 62
695 61
695 62
695 63
695 64
696 55
696 56
696 64
696 65
696 66
697 57
697 64
697 66
697 67
697 68
698 58
698 59
698 66
698 67
698 68
698 69
698 70
699 60
699 61
699 68
699 71
700 61
700 62
700 70
700 71
700 72
700 73
701 64
701 71
701 72
701 73
701 74
701 75
702 64
702 65
702 73
702 74
702 75
702 76
702 77
703 67
703 75
703 76
703 78
703 79
704 68
704 77
704 78
704 79
704 80
704 81
705 69
705 70
705 79
705 80
705 81
705 82
706 71
706 80
706 81
706 82
706 83
706 84
707 72
707 73
707 83
707 84
707 85
707 86
708 73
708 74
708 86
708 87
708 88
709 86
709 87
709 88
709 89
709 90
710 76
710 77
710 87
710 88
710 90
710 91
710 92
711 78
711 89
711 90
711 91
711 92
711 93
712 79
712 80
712 91
712 92
712 93
712 94
712 95
713 81
713 93
713 94
713 95
713 96
713 97
714 -49
714 82
714 83
714 94
714 95
714 96
714 97
714 98
714 99
715 -49
715 -48
715 -47
715 83
715 84
715 96
715 97
715 98
715 99
715 100
715 101
716 -49
716 -48
716 -46
716 85
716 86
716 98
716 99
716 100
716 101
716 102
716 103
717 -49
717 -48
717 -47
717 -46
717 -45
717 -44
717 86
717 87
717 99
717 100
717 101
717 102
717 103
717 104
717 105
718 -48
718 -47
718 -46
718 -45
718 -44
718 -42
718 87
718 88
718 101
718 102
718 103
718 104
718 105
718 106
719 -46
719 -45
719 -44
719 -43
719 -42
719 -41
719 -40
719 90
719 103
719 104
719 105
719 106
719 107
719 108
720 -44
720 -42
720 -40
720 -39
720 -38
720 91
720 105
720 106
720 107
720 108
720 109
720 110
721 -42
721 -41
721 -40
721 -39
721 -37
721 106
721 108
721 109
721 110
721 111
721 112
722 -40
722 -39
722 -38
722 -37
722 -36
722 -35
722 108
722 109
722 110
722 111
722 112
722 113
722 114
723 -38
723 -37
723 -35
723 -34
723 -33
723 110
723 111
723 112
723 113
723 114
723 115
723 116
724 -37
724 -36
724 -35
724 -34
724 -33
724 -32
724 -31
724 112
724 113
724 114
724 115
724 116
724 117
724 118
725 -35
725 -34
725 -33
725 -32
725 -31
725 -30
725 113
725 114
725 115
725 116
725 117
725 118
725 119
726 -32
726 -31
726 -29
726 -28
726 116
726 117
726 118
726 119
726 120
726 121
727 -31
727 -30
727 -28
727 -27
727 117
727 118
727 120
727 121
727 122
727 123
728 -30
728 -28
728 -27
728 -26
728 -25
728 -24
728 119
728 120
728 121
728 122
728 123
728 124
728 125
729 -28
729 -27
729 -25
729 -24
729 -23
729 120
729 121
729 122
729 123
729 124
729 125
729 126
729 127
730 -26
730 -25
730 -24
730 -22
730 -21
730 122
730 123
730 124
730 125
730 126
730 127
730 128
730 129
731 -24
731 -23
731 -21
731 -20
731 -19
731 124
731 125
731 126
731 127
731 128
731 129
731 130
731 131
732 -23
732 -22
732 -21
732 -19
732 -18
732 126
732 127
732 128
732 129
732 130
732 132
732 133
733 -21
733 -20
733 -18
733 -17
733 -16
733 127
733 128
733 129
733 130
733 131
733 132
733 133
733 134
734 -18
734 -17
734 -15
734 -14
734 129
734 130
734 131
734 132
734 133
734 134
734 135
734 136
735 -18
735 -17
735 -15
735 -14
735 -13
735 131
735 132
735 133
735 134
735 135
735 136
735 137
735 138
736 -16
736 -15
736 -14
736 -13
736 -11
736 134
736 135
736 136
736 137
736 138
736 139
736 140
737 -14
737 -13
737 -10
737 134
737 135
737 136
737 137
737 138
737 139
737 141
737 142
738 -13
738 -12
738 -11
738 -10
738 -9
738 -8
738 136
738 137
738 138
738 139
738 140
738 141
738 142
738 143
738 144
739 -11
739 -10
739 -9
739 -8
739 -7
739 -6
739 138
739 139
739 140
739 141
739 142
739 143
739 144
739 145
739 146
740 -9
740 -8
740 -7
740 -6
740 -5
740 139
740 140
740 141
740 142
740 143
740 144
740 145
740 146
740 147
741 -8
741 -7
741 -6
741 -5
741 -4
741 -3
741 141
741 142
741 143
741 144
741 146
741 147
741 148
741 149
742 -6
742 -5
742 -4
742 -2
742 143
742 145
742 146
742 147
742 148
742 149
742 150
742 151
743 -5
743 -4
743 -3
743 -2
743 -1
743 0
743 145
743 146
743 148
743 149
743 150
743 151
743 152
743 153
744 -3
744 -2
744 -1
744 0
744 1
744 146
744 147
744 148
744 149
744 150
744 151
744 152
744 154
744 155
745 -1
745 0
745 1
745 2
745 3
745 148
745 149
745 150
745 151
745 152
745 153
745 154
745 155
745 156
745 157
746 0
746 1
746 2
746 4
746 150
746 151
746 152
746 153
746 154
746 155
746 156
746 157
746 158
746 159
747 1
747 2
747 3
747 4
747 5
747 6
747 152
747 153
747 154
747 155
747 156
747 157
747 158
747 159
747 160
747 161
748 3
748 4
748 5
748 6
748 7
748 153
748 154
748 155
748 156
748 157
748 158
748 159
748 160
748 161
748 162
748 163
749 5
749 6
749 7
749 8
749 9
749 155
749 156
749 157
749 158
749 159
749 160
749 161
749 162
749 163
749 164
750 6
750 7
750 8
750 9
750 157
750 158
750 159
750 160
750 161
750 162
750 163
750 164
750 165
750 166
751 8
751 9
751 10
751 11
751 12
751 159
751 160
751 161
751 163
751 164
751 165
751 166
751 167
751 168
752 10
752 11
752 12
752 13
752 160
752 161
752 162
752 163
752 164
752 165
752 166
752 167
752 168
752 170
753 12
753 13
753 14
753 15
753 162
753 163
753 164
753 165
753 166
753 167
753 168
753 169
753 170
753 171
753 172
754 12
754 13
754 14
754 16
754 164
754 166
754 167
754 168
754 169
754 170
754 171
754 172
754 173
754 174
755 15
755 16
755 17
755 166
755 167
755 168
755 169
755 170
755 171
755 172
755 173
755 174
755 175
755 176
756 15
756 16
756 17
756 18
756 19
756 167
756 168
756 169
756 170
756 171
756 172
756 173
756 174
756 175
756 176
756 177
756 178
757 16
757 17
757 18
757 19
757 20
757 21
757 169
757 170
757 171
757 172
757 173
757 174
757 176
757 177
757 178
757 179
757 180
758 18
758 20
758 21
758 22
758 171
758 172
758 173
758 174
758 175
758 176
758 177
758 178
758 180
758 181
759 19
759 21
759 22
759 23
759 24
759 173
759 174
759 175
759 176
759 177
759 178
759 180
759 181
759 182
759 183
760 21
760 22
760 23
760 24
760 25
760 174
760 175
760 176
760 177
760 178
760 179
760 180
760 181
760 182
760 183
760 184
760 185
761 22
761 23
761 24
761 25
761 26
761 176
761 177
761 178
761 179
761 180
761 181
761 182
761 183
761 184
761 185
761 186
761 187
762 24
762 25
762 26
762 27
762 28
762 178
762 179
762 180
762 182
762 183
762 184
762 185
762 186
762 187
762 188
762 189
763 25
763 26
763 27
763 28
763 29
763 179
763 181
763 182
763 183
763 184
763 185
763 187
763 188
763 189
763 190
763 191
764 27
764 28
764 29
764 30
764 31
764 181
764 182
764 183
764 184
764 185
764 186
764 187
764 188
764 189
764 190
764 191
764 192
765 28
765 29
765 30
765 31
765 32
765 183
765 184
765 185
765 186
765 187
765 188
765 189
765 190
766 29
766 30
766 31
766 32
766 33
766 185
766 186
766 187
766 188
767 31
767 32
767 33
767 34
767 35
767 186
768 32
768 33
768 35
768 36
769 33
769 34
769 35
769 36
769 37
770 35
770 36
770 37
770 38
770 39
771 36
771 37
771 39
771 40
772 38
772 40
772 41
773 39
773 40
773 41
773 42
773 43
774 40
774 41
774 43
774 44
775 43
775 44
775 45
776 43
776 44
776 45
776 47
777 44
777 46
777 48
778 46
778 47
778 48
778 49
779 47
779 48
779 49
779 50
779 51
780 48
780 49
780 50
780 51
780 52
781 49
781 50
781 51
781 52
781 53
782 51
782 53
782 54
783 52
783 53
783 54
783 55
783 56
784 53
784 55
784 56
784 57
785 55
785 56
785 57
785 58
786 56
786 57
786 58
786 59
786 60
787 57
787 58
787 59
787 60
787 61
788 58
788 59
788 60
788 62
789 60
789 61
789 63
790 61
790 62
790 63
790 64
790 65
791 62
791 63
791 64
791 65
791 66
792 64
792 65
792 66
792 67
793 66
793 67
793 68
794 66
794 67
794 68
794 69
795 67
795 68
795 69
795 70
796 68
796 69
796 70
796 71
797 70
797 71
797 72
798 71
798 72
798 73
799 72
799 73
799 74
