63 275
64 275
65 274
66 273
66 275
68 272
68 274
68 276
69 271
69 272
69 273
69 275
70 272
70 274
71 268
71 270
71 272
71 274
71 275
72 269
72 270
72 271
72 273
72 275
73 266
73 269
73 272
73 273
73 274
74 265
74 266
74 267
74 269
74 271
74 273
75 263
75 265
75 266
75 267
75 269
75 271
75 272
76 263
76 265
76 266
76 267
76 268
76 269
76 272
77 261
77 264
77 265
77 267
77 268
77 269
77 270
78 257
78 259
78 260
78 261
78 262
78 263
78 265
78 267
78 269
79 256
79 257
79 259
79 261
79 262
79 263
79 265
79 267
79 268
79 269
80 252
80 254
80 255
80 257
80 259
80 261
80 262
80 263
80 264
80 265
80 266
80 267
80 269
81 249
81 251
81 253
81 254
81 255
81 257
81 259
81 260
81 261
81 262
81 263
81 264
81 265
81 266
81 267
81 268
82 248
82 250
82 252
82 253
82 254
82 256
82 257
82 259
82 260
82 261
82 262
82 263
82 264
82 266
82 267
83 249
83 250
83 251
83 252
83 253
83 254
83 255
83 257
83 258
83 259
83 261
83 262
83 264
83 265
84 247
84 250
84 252
84 254
84 256
84 257
84 258
84 259
84 261
84 262
84 263
84 265
85 246
85 248
85 251
85 252
85 253
85 255
85 258
85 260
85 261
85 263
85 264
86 246
86 248
86 251
86 254
86 256
86 258
86 260
86 262
87 246
87 248
87 249
87 250
87 251
87 252
87 254
87 255
87 257
87 258
87 259
87 260
87 261
87 262
88 245
88 246
88 249
88 250
88 252
88 255
88 256
88 257
88 258
88 260
89 245
89 249
89 251
89 252
89 253
89 254
89 255
89 256
90 244
90 246
90 247
90 248
90 249
90 250
90 251
90 252
90 255
90 256
90 257
90 258
90 427
91 243
91 244
91 245
91 247
91 249
91 250
91 252
91 253
91 254
91 255
91 256
91 427
91 428
92 243
92 247
92 248
92 250
92 251
92 253
92 254
92 255
92 428
93 241
93 243
93 244
93 245
93 247
93 248
93 249
93 250
93 251
93 252
93 253
93 428
93 429
94 241
94 242
94 243
94 244
94 245
94 247
94 248
94 249
94 250
94 427
94 428
94 429
94 430
95 241
95 242
95 245
95 246
95 248
95 249
95 426
95 427
95 428
95 429
95 430
96 239
96 241
96 242
96 243
96 245
96 246
96 247
96 428
96 430
97 238
97 240
97 241
97 242
97 243
97 244
97 426
97 429
97 430
98 238
98 240
98 426
98 427
98 428
98 429
98 430
98 431
99 237
99 425
99 426
99 427
99 428
99 429
99 431
99 432
100 425
100 428
100 429
100 430
100 431
101 425
101 426
101 427
101 428
101 429
101 431
101 432
102 425
102 426
102 427
102 428
102 429
102 430
102 431
102 432
102 433
102 434
102 435
103 425
103 426
103 428
103 429
103 430
103 431
103 432
103 434
103 435
104 425
104 426
104 427
104 428
104 429
104 430
104 431
104 432
104 433
104 434
104 435
104 436
105 424
105 425
105 426
105 428
105 429
105 430
105 431
105 432
105 433
105 434
105 436
105 437
106 424
106 425
106 427
106 428
106 429
106 430
106 431
106 433
106 434
106 436
106 437
106 438
107 424
107 425
107 427
107 428
107 430
107 431
107 433
107 435
107 436
107 437
107 438
108 424
108 427
108 428
108 431
108 432
108 433
108 434
108 435
108 436
108 437
108 438
108 439
109 424
109 425
109 426
109 427
109 428
109 431
109 432
109 433
109 434
109 435
109 437
109 438
109 439
109 440
110 423
110 424
110 425
110 426
110 427
110 428
110 429
110 430
110 431
110 432
110 433
110 434
110 435
110 438
110 439
111 423
111 424
111 425
111 427
111 428
111 430
111 431
111 433
111 434
111 436
111 437
111 438
111 439
111 441
112 423
112 424
112 426
112 427
112 428
112 429
112 430
112 431
112 432
112 433
112 434
112 435
112 436
112 437
112 438
112 439
112 440
112 441
112 442
113 423
113 424
113 426
113 428
113 429
113 430
113 433
113 434
113 435
113 437
113 438
113 439
113 440
113 441
113 442
114 423
114 424
114 425
114 426
114 427
114 429
114 430
114 431
114 432
114 433
114 434
114 435
114 436
114 437
114 438
114 440
114 441
114 442
114 443
115 422
115 424
115 425
115 427
115 428
115 429
115 432
115 433
115 435
115 436
115 437
115 438
115 439
115 440
115 441
115 442
115 443
116 422
116 423
116 425
116 426
116 428
116 429
116 430
116 431
116 432
116 433
116 434
116 435
116 436
116 437
116 438
116 439
116 440
116 441
116 442
116 443
116 444
117 422
117 423
117 424
117 425
117 426
117 427
117 429
117 430
117 431
117 432
117 433
117 435
117 436
117 437
117 438
117 439
117 440
117 441
117 443
117 444
118 423
118 424
118 425
118 426
118 428
118 431
118 432
118 434
118 435
118 437
118 438
118 439
118 440
118 442
118 443
118 444
118 445
119 422
119 423
119 424
119 425
119 426
119 427
119 428
119 430
119 431
119 432
119 433
119 434
119 435
119 436
119 437
119 438
119 439
119 440
119 441
119 442
119 444
119 445
119 446
120 423
120 424
120 425
120 428
120 429
120 430
120 432
120 433
120 435
120 436
120 437
120 438
120 439
120 440
120 441
120 444
120 445
121 422
121 424
121 425
121 426
121 428
121 429
121 430
121 431
121 432
121 435
121 436
121 438
121 439
121 440
121 441
121 442
121 443
121 444
121 445
121 446
122 422
122 423
122 424
122 425
122 426
122 428
122 429
122 430
122 432
122 433
122 435
122 436
122 438
122 439
122 440
122 441
122 442
122 443
122 444
122 445
122 446
122 447
123 422
123 424
123 425
123 426
123 428
123 429
123 430
123 431
123 432
123 433
123 434
123 435
123 436
123 437
123 438
123 439
123 440
123 442
123 443
123 444
123 445
123 446
123 447
123 448
124 233
124 422
124 423
124 424
124 425
124 426
124 427
124 429
124 430
124 431
124 433
124 434
124 435
124 436
124 437
124 439
124 440
124 441
124 442
124 444
124 445
124 447
124 449
125 231
125 233
125 422
125 423
125 424
125 425
125 426
125 427
125 428
125 429
125 430
125 432
125 433
125 434
125 435
125 436
125 438
125 441
125 442
125 444
125 445
125 447
125 448
125 449
126 231
126 422
126 423
126 425
126 426
126 427
126 429
126 430
126 432
126 433
126 434
126 435
126 436
126 438
126 439
126 441
126 442
126 444
126 445
126 448
126 449
127 233
127 421
127 422
127 424
127 425
127 426
127 427
127 428
127 429
127 431
127 432
127 433
127 434
127 435
127 436
127 437
127 438
127 441
127 442
127 443
127 444
127 445
127 447
127 448
127 449
127 450
128 231
128 421
128 422
128 423
128 424
128 425
128 426
128 427
128 428
128 429
128 430
128 431
128 433
128 434
128 435
128 436
128 437
128 438
128 439
128 440
128 442
128 443
128 444
128 445
128 446
128 447
128 448
128 449
128 450
128 451
129 230
129 421
129 422
129 423
129 424
129 425
129 426
129 429
129 430
129 431
129 433
129 434
129 437
129 438
129 440
129 441
129 443
129 444
129 446
129 447
129 449
129 450
130 230
130 421
130 422
130 423
130 424
130 425
130 426
130 427
130 428
130 429
130 430
130 431
130 433
130 434
130 435
130 437
130 438
130 439
130 440
130 441
130 442
130 443
130 444
130 445
130 446
130 447
130 448
130 449
130 450
130 452
131 230
131 232
131 421
131 422
131 423
131 425
131 426
131 427
131 429
131 430
131 431
131 432
131 433
131 434
131 436
131 437
131 438
131 439
131 440
131 441
131 442
131 444
131 445
131 447
131 448
131 449
131 450
131 452
132 229
132 231
132 422
132 423
132 424
132 426
132 427
132 428
132 430
132 431
132 432
132 433
132 434
132 435
132 437
132 438
132 440
132 441
132 443
132 444
132 445
132 446
132 448
132 450
132 451
132 453
133 228
133 230
133 421
133 422
133 425
133 426
133 427
133 429
133 430
133 431
133 432
133 433
133 434
133 436
133 437
133 438
133 439
133 440
133 442
133 443
133 446
133 447
133 448
133 450
133 451
133 453
133 454
134 228
134 230
134 421
134 422
134 423
134 425
134 426
134 427
134 428
134 429
134 430
134 434
134 435
134 437
134 438
134 439
134 440
134 441
134 443
134 444
134 446
134 447
134 449
134 450
134 451
134 452
134 453
134 454
135 227
135 229
135 421
135 422
135 423
135 425
135 426
135 427
135 429
135 430
135 431
135 433
135 434
135 435
135 436
135 437
135 438
135 439
135 440
135 441
135 442
135 443
135 444
135 445
135 447
135 449
135 450
135 451
135 452
135 454
136 231
136 421
136 422
136 425
136 426
136 427
136 428
136 429
136 431
136 432
136 433
136 434
136 435
136 436
136 437
136 438
136 441
136 442
136 443
136 444
136 445
136 446
136 447
136 448
136 449
136 451
136 452
136 454
136 455
137 228
137 230
137 232
137 421
137 422
137 423
137 424
137 425
137 426
137 427
137 429
137 430
137 431
137 433
137 434
137 435
137 436
137 437
137 438
137 439
137 440
137 441
137 442
137 443
137 444
137 445
137 448
137 449
137 450
137 451
137 453
137 454
137 455
138 229
138 232
138 422
138 423
138 424
138 425
138 426
138 427
138 429
138 430
138 431
138 432
138 433
138 434
138 435
138 436
138 437
138 438
138 439
138 440
138 441
138 442
138 443
138 444
138 445
138 446
138 447
138 448
138 450
138 451
138 452
138 453
138 455
138 456
139 229
139 231
139 421
139 422
139 423
139 425
139 426
139 427
139 429
139 430
139 431
139 432
139 433
139 434
139 435
139 436
139 437
139 438
139 439
139 440
139 441
139 442
139 443
139 444
139 445
139 446
139 447
139 450
139 452
139 453
139 455
139 456
140 229
140 231
140 422
140 424
140 425
140 426
140 428
140 429
140 430
140 431
140 432
140 433
140 434
140 435
140 436
140 439
140 440
140 441
140 442
140 443
140 445
140 446
140 447
140 448
140 449
140 451
140 452
140 454
140 455
140 456
140 457
141 225
141 227
141 229
141 231
141 421
141 422
141 423
141 424
141 425
141 426
141 428
141 429
141 430
141 431
141 432
141 433
141 435
141 436
141 437
141 438
141 439
141 440
141 441
141 442
141 444
141 445
141 446
141 447
141 448
141 449
141 450
141 451
141 452
141 453
141 454
141 455
141 456
142 227
142 229
142 231
142 421
142 422
142 423
142 424
142 425
142 426
142 427
142 428
142 431
142 432
142 433
142 434
142 435
142 436
142 437
142 438
142 439
142 440
142 441
142 442
142 443
142 444
142 445
142 446
142 448
142 449
142 450
142 451
142 452
142 453
142 454
142 455
142 456
142 457
143 226
143 230
143 421
143 422
143 423
143 424
143 426
143 427
143 428
143 429
143 430
143 431
143 432
143 433
143 434
143 437
143 438
143 439
143 440
143 441
143 445
143 446
143 448
143 450
143 451
143 453
143 455
143 456
143 458
143 459
144 226
144 229
144 231
144 421
144 422
144 423
144 424
144 425
144 426
144 429
144 430
144 431
144 432
144 433
144 434
144 437
144 438
144 439
144 440
144 441
144 444
144 445
144 447
144 448
144 449
144 450
144 451
144 452
144 454
144 456
144 457
145 226
145 229
145 231
145 421
145 422
145 423
145 424
145 425
145 426
145 428
145 429
145 430
145 432
145 433
145 434
145 436
145 437
145 438
145 439
145 440
145 441
145 442
145 443
145 445
145 446
145 447
145 451
145 452
145 453
145 455
145 456
145 457
145 458
145 459
146 225
146 228
146 230
146 421
146 422
146 423
146 424
146 425
146 426
146 428
146 429
146 430
146 432
146 433
146 434
146 436
146 437
146 439
146 440
146 442
146 443
146 444
146 445
146 447
146 448
146 450
146 451
146 452
146 453
146 456
146 457
146 458
146 459
147 227
147 230
147 421
147 422
147 423
147 424
147 425
147 426
147 427
147 428
147 429
147 430
147 431
147 432
147 433
147 434
147 435
147 436
147 437
147 438
147 440
147 441
147 442
147 443
147 444
147 446
147 447
147 450
147 451
147 452
147 453
147 455
147 456
147 457
147 458
147 459
147 461
148 421
148 422
148 424
148 425
148 427
148 428
148 429
148 430
148 431
148 432
148 433
148 434
148 435
148 436
148 437
148 438
148 439
148 442
148 443
148 444
148 445
148 447
148 448
148 449
148 450
148 452
148 453
148 454
148 455
148 456
148 457
148 458
148 459
149 226
149 228
149 230
149 422
149 423
149 424
149 425
149 426
149 427
149 428
149 429
149 430
149 431
149 432
149 433
149 434
149 435
149 436
149 437
149 438
149 439
149 440
149 443
149 444
149 445
149 446
149 447
149 449
149 450
149 451
149 452
149 454
149 455
149 457
149 458
149 460
150 225
150 227
150 229
150 231
150 422
150 423
150 424
150 426
150 427
150 428
150 429
150 430
150 431
150 433
150 434
150 435
150 438
150 439
150 441
150 442
150 444
150 445
150 447
150 448
150 452
150 454
150 455
150 456
150 457
150 458
151 226
151 229
151 231
151 421
151 422
151 423
151 426
151 427
151 428
151 430
151 431
151 432
151 433
151 435
151 436
151 438
151 439
151 440
151 441
151 443
151 444
151 446
151 447
151 450
151 451
151 452
151 453
151 455
151 456
151 457
151 458
152 225
152 227
152 230
152 422
152 423
152 424
152 425
152 426
152 427
152 428
152 430
152 431
152 432
152 434
152 435
152 436
152 437
152 438
152 440
152 441
152 442
152 444
152 445
152 447
152 448
152 450
152 452
152 453
152 455
152 456
152 457
153 225
153 227
153 229
153 231
153 421
153 422
153 423
153 424
153 425
153 426
153 428
153 429
153 430
153 433
153 435
153 436
153 437
153 438
153 439
153 440
153 441
153 442
153 443
153 444
153 445
153 446
153 447
153 448
153 449
153 452
153 455
153 456
153 457
153 458
154 226
154 230
154 421
154 422
154 423
154 424
154 425
154 426
154 427
154 428
154 429
154 430
154 431
154 433
154 434
154 435
154 436
154 437
154 438
154 439
154 440
154 443
154 444
154 446
154 447
154 448
154 449
154 451
154 455
154 456
154 458
155 224
155 228
155 229
155 231
155 421
155 422
155 423
155 425
155 426
155 427
155 430
155 431
155 432
155 433
155 434
155 437
155 438
155 441
155 442
155 443
155 444
155 445
155 447
155 448
155 454
155 455
155 456
155 457
155 458
156 224
156 227
156 229
156 421
156 423
156 424
156 425
156 428
156 429
156 430
156 432
156 433
156 434
156 435
156 436
156 437
156 438
156 439
156 440
156 441
156 442
156 443
156 444
156 454
156 455
156 457
156 458
157 421
157 422
157 423
157 424
157 425
157 426
157 427
157 429
157 430
157 431
157 435
157 436
157 438
157 439
157 440
157 441
157 442
157 443
157 454
157 455
157 456
157 457
158 224
158 227
158 229
158 422
158 423
158 427
158 429
158 430
158 431
158 432
158 434
158 435
158 436
158 437
158 438
158 439
158 441
158 454
158 455
158 456
158 457
159 224
159 226
159 228
159 230
159 423
159 424
159 425
159 427
159 428
159 429
159 430
159 431
159 432
159 433
159 435
159 436
159 438
159 454
159 455
159 456
159 457
160 224
160 226
160 228
160 230
160 425
160 426
160 427
160 428
160 429
160 432
160 455
160 456
160 457
161 225
161 454
161 455
161 456
161 457
162 228
162 230
162 454
162 457
163 224
163 226
163 228
163 230
163 454
163 455
163 456
164 453
164 455
164 456
164 457
165 224
165 226
165 228
165 230
165 453
165 454
165 455
166 228
166 230
166 453
166 454
166 455
166 456
167 224
167 228
167 453
167 454
167 456
168 226
168 230
168 453
168 454
168 455
168 456
169 226
169 228
169 230
169 454
169 455
169 456
170 224
170 226
170 228
170 230
170 452
170 454
170 455
170 456
171 226
171 228
171 452
171 453
171 454
171 455
171 456
172 223
172 225
172 227
172 453
172 454
172 455
173 227
173 229
173 453
173 454
173 455
174 224
174 226
174 228
174 452
174 453
174 455
175 226
175 228
175 452
175 453
175 455
176 223
176 227
176 229
176 453
176 454
177 226
177 228
177 452
177 453
177 454
177 455
178 226
178 228
178 451
178 452
178 453
178 454
178 455
179 223
179 225
179 227
179 451
179 452
179 453
179 454
179 455
180 226
180 228
180 451
180 452
180 453
181 224
181 226
181 228
181 451
181 452
181 453
181 454
182 225
182 227
182 451
182 453
182 454
183 227
183 229
183 451
183 452
183 453
183 454
184 227
184 451
184 452
184 453
184 454
185 228
185 451
185 452
185 453
186 227
186 450
186 451
186 452
186 453
186 454
187 450
187 452
187 453
187 454
188 228
188 450
188 451
188 452
188 453
189 450
189 451
189 453
190 450
190 451
190 452
190 453
191 451
191 452
191 453
192 450
192 451
192 452
192 453
193 450
193 451
193 452
193 453
194 449
194 450
194 451
194 452
194 453
195 449
195 450
195 451
195 452
196 449
196 450
196 451
196 452
197 449
197 450
197 451
197 452
198 449
198 451
198 452
199 449
199 450
199 452
200 449
200 450
200 451
200 452
201 448
201 449
201 450
201 451
202 448
202 449
202 450
202 451
202 452
203 448
203 449
203 450
203 451
203 452
204 448
204 449
204 450
205 448
205 449
205 450
205 451
206 448
206 449
206 450
206 451
207 448
207 450
207 451
208 448
208 449
208 450
208 451
209 448
209 449
209 450
209 451
210 447
210 448
210 449
210 450
210 451
211 447
211 448
211 449
211 450
211 451
212 447
212 448
212 449
212 450
213 447
213 448
213 450
214 447
214 448
214 449
214 450
215 447
215 448
215 449
215 450
216 447
216 448
216 449
217 446
217 447
217 449
217 450
218 446
218 447
218 449
218 450
219 446
219 447
219 448
219 449
220 446
220 447
220 448
220 449
221 446
221 448
221 449
222 446
222 447
222 448
222 449
223 446
223 447
223 448
224 445
224 446
224 447
224 448
224 449
225 445
225 446
225 449
226 445
226 446
226 447
226 448
226 449
227 445
227 446
227 448
227 449
228 446
228 449
229 445
229 446
229 447
229 448
230 445
230 447
230 448
231 445
231 446
231 447
231 448
232 444
232 445
232 446
232 447
232 448
233 444
233 445
233 446
233 447
233 448
234 444
234 446
234 447
234 448
235 444
235 445
235 447
235 448
236 444
236 445
236 446
236 447
236 448
237 444
237 445
237 446
237 447
237 448
238 444
238 445
238 446
238 447
239 445
239 446
239 447
240 444
240 445
240 446
240 447
241 443
241 447
242 443
242 444
242 445
242 446
242 447
243 443
243 444
243 445
243 446
243 447
244 443
244 444
244 445
244 447
245 444
245 445
245 446
245 447
246 443
246 444
246 445
246 446
247 443
247 444
247 445
247 446
248 442
248 443
248 444
248 445
248 446
249 442
249 443
249 444
249 445
249 446
250 442
250 443
250 444
250 445
250 446
251 442
251 443
251 444
251 445
252 442
252 443
252 444
252 445
252 446
253 442
253 443
253 444
253 445
253 446
254 442
254 443
254 444
254 445
255 442
255 443
255 444
255 445
255 446
256 441
256 442
256 443
256 445
257 441
257 442
257 443
257 444
257 445
258 441
258 442
258 443
258 444
259 441
259 442
259 443
259 444
259 445
260 441
260 442
260 443
260 444
260 445
261 441
261 443
261 444
261 445
262 441
262 442
262 443
262 444
262 445
263 441
263 443
263 444
263 445
264 440
264 441
264 442
264 443
264 444
264 445
265 440
265 441
265 442
265 443
265 444
266 440
266 442
266 443
266 444
267 441
267 442
267 443
267 444
268 440
268 441
268 442
268 443
268 444
269 440
269 441
269 442
269 443
270 440
270 441
270 442
270 443
270 444
271 439
271 440
271 441
271 442
271 443
272 439
272 440
272 441
272 442
272 443
272 444
273 439
273 440
273 441
273 442
273 443
273 444
274 439
274 440
274 441
274 442
275 439
275 440
275 441
275 442
275 443
276 439
276 440
276 441
276 442
276 443
277 439
277 440
277 441
277 442
277 443
278 439
278 440
278 442
278 443
279 439
279 441
279 442
279 443
280 438
280 439
280 440
280 441
280 443
281 439
281 440
281 441
281 442
281 443
282 439
282 440
282 441
282 442
282 443
283 438
283 439
283 441
283 442
283 443
284 438
284 439
284 441
284 442
285 438
285 439
285 440
285 441
285 442
286 439
286 440
286 441
286 442
287 438
287 440
287 441
287 442
288 437
288 438
288 439
288 440
288 441
288 442
289 437
289 438
289 439
289 441
289 442
290 439
290 440
290 441
290 442
291 437
291 438
291 439
291 440
291 441
291 442
292 437
292 438
292 439
292 441
292 442
293 437
293 438
293 439
293 441
293 442
294 437
294 438
294 439
294 440
294 441
295 437
295 438
295 439
295 440
295 441
296 438
296 439
296 440
297 438
297 439
297 440
297 441
298 438
298 439
298 440
298 441
299 438
299 439
299 440
299 441
300 438
300 439
300 440
300 441
301 439
301 440
301 441
302 439
302 440
302 441
303 440
304 439
304 440
305 440
306 440
307 440
308 440
