603 649
603 650
604 649
604 650
604 651
604 652
605 650
605 651
605 652
605 653
605 654
606 650
606 651
606 652
606 653
606 654
606 655
606 656
607 651
607 652
607 653
607 654
607 656
607 657
607 658
608 652
608 653
608 654
608 655
608 656
608 657
608 658
608 659
608 660
609 651
609 652
609 653
609 654
609 655
609 656
609 657
609 658
609 659
609 660
609 661
610 653
610 654
610 655
610 656
610 657
610 658
610 659
610 660
610 661
610 662
611 652
611 653
611 654
611 655
611 656
611 657
611 658
611 659
611 660
611 661
611 662
612 652
612 653
612 654
612 656
612 657
612 658
612 659
612 660
612 661
612 662
613 653
613 654
613 655
613 656
613 657
613 658
613 659
613 660
613 661
613 662
613 663
614 653
614 654
614 655
614 656
614 657
614 658
614 659
614 660
614 661
614 662
614 663
615 653
615 655
615 656
615 657
615 658
615 659
615 660
615 661
615 662
615 663
616 654
616 655
616 656
616 657
616 658
616 659
616 660
616 661
616 662
616 663
616 664
617 654
617 655
617 656
617 657
617 658
617 659
617 660
617 661
617 662
617 663
617 664
618 655
618 656
618 657
618 658
618 659
618 660
618 661
618 662
618 663
619 655
619 656
619 657
619 658
619 659
619 660
619 661
619 662
619 663
619 664
619 665
620 655
620 656
620 657
620 658
620 659
620 660
620 661
620 662
620 663
620 664
620 665
621 656
621 657
621 658
621 659
621 660
621 661
621 662
621 663
621 664
621 665
622 656
622 657
622 658
622 659
622 660
622 661
622 662
622 663
622 664
622 665
622 666
623 656
623 657
623 658
623 659
623 660
623 661
623 662
623 663
623 664
623 665
623 666
624 657
624 658
624 659
624 660
624 661
624 662
624 663
624 664
624 665
624 666
625 657
625 659
625 660
625 661
625 662
625 663
625 664
625 665
625 666
625 667
626 657
626 658
626 659
626 660
626 661
626 662
626 663
626 664
626 665
626 666
626 667
627 659
627 660
627 661
627 662
627 663
627 664
627 665
627 666
627 667
628 658
628 659
628 660
628 661
628 662
628 663
628 664
628 666
628 667
628 668
629 659
629 660
629 661
629 662
629 663
629 664
629 665
629 666
629 667
629 668
630 659
630 660
630 661
630 662
630 663
630 664
630 665
630 666
630 668
631 659
631 660
631 661
631 662
631 663
631 664
631 665
631 666
631 667
631 668
631 669
632 660
632 662
632 663
632 664
632 665
632 666
632 669
633 660
633 661
633 662
633 663
633 664
633 665
633 666
633 667
633 668
633 669
634 660
634 661
634 662
634 663
634 664
634 665
634 666
634 667
634 668
634 669
634 670
635 661
635 662
635 663
635 664
635 665
635 666
635 667
635 668
635 670
636 661
636 662
636 663
636 664
636 665
636 666
636 667
636 668
636 669
636 670
637 661
637 662
637 664
637 665
637 666
637 667
637 668
637 669
637 670
637 671
638 662
638 663
638 664
638 665
638 666
638 667
638 668
638 669
638 670
638 671
639 662
639 663
639 664
639 665
639 666
639 667
639 668
639 669
639 670
639 671
640 663
640 664
640 665
640 666
640 667
640 668
640 669
640 670
640 671
640 672
641 663
641 664
641 665
641 667
641 668
641 669
641 670
641 671
641 672
642 663
642 664
642 665
642 666
642 667
642 668
642 669
642 670
642 671
642 672
643 664
643 665
643 666
643 667
643 668
643 669
643 670
643 671
643 672
643 673
644 664
644 665
644 666
644 667
644 668
644 669
644 670
644 671
644 672
644 673
645 664
645 665
645 666
645 667
645 668
645 669
645 670
645 671
645 672
645 673
646 665
646 666
646 667
646 668
646 669
646 670
646 671
646 672
646 673
646 674
647 665
647 666
647 667
647 668
647 669
647 670
647 671
647 672
647 673
647 674
648 665
648 666
648 667
648 668
648 669
648 670
648 671
648 672
648 673
648 674
649 666
649 667
649 669
649 670
649 671
649 672
649 673
649 674
649 675
650 666
650 667
650 668
650 669
650 670
650 671
650 672
650 673
650 674
650 675
651 666
651 667
651 668
651 669
651 670
651 671
651 672
651 673
651 674
651 675
652 667
652 668
652 669
652 670
652 671
652 672
652 673
652 674
652 675
652 676
653 667
653 668
653 669
653 670
653 671
653 672
653 673
653 674
653 675
653 676
654 668
654 669
654 670
654 671
654 672
654 673
654 674
654 675
654 676
655 668
655 669
655 670
655 671
655 672
655 673
655 674
655 675
655 676
655 677
656 668
656 669
656 670
656 671
656 672
656 673
656 674
656 676
656 677
657 669
657 670
657 671
657 672
657 673
657 674
657 675
657 676
657 677
658 669
658 670
658 671
658 672
658 673
658 674
658 675
658 676
658 677
658 678
659 669
659 670
659 672
659 673
659 674
659 675
659 676
659 677
659 678
660 670
660 671
660 672
660 673
660 675
660 677
660 678
661 670
661 671
661 672
661 673
661 674
661 675
661 676
661 677
661 678
661 679
662 670
662 671
662 672
662 673
662 674
662 675
662 676
662 677
662 678
662 679
663 671
663 672
663 673
663 674
663 675
663 676
663 677
663 678
663 679
664 671
664 672
664 673
664 674
664 675
664 677
664 678
664 679
664 680
665 671
665 672
665 673
665 675
665 676
665 677
665 678
665 679
665 680
666 672
666 673
666 674
666 675
666 676
666 677
666 678
666 679
666 680
667 672
667 673
667 674
667 676
667 677
667 678
667 679
667 680
668 674
668 675
668 676
668 677
668 678
668 679
668 680
668 681
669 673
669 674
669 675
669 676
669 677
669 678
669 679
669 680
669 681
670 673
670 674
670 675
670 676
670 677
670 678
670 679
670 680
670 681
671 674
671 675
671 676
671 677
671 678
671 680
671 681
671 682
672 674
672 675
672 676
672 677
672 678
672 679
672 680
672 681
672 682
673 674
673 675
673 676
673 677
673 678
673 679
673 680
673 681
673 682
674 675
674 676
674 677
674 678
674 679
674 680
674 682
674 683
675 675
675 676
675 677
675 678
675 679
675 680
675 681
675 682
675 683
676 675
676 676
676 677
676 678
676 679
676 680
676 681
676 683
677 676
677 677
677 678
677 679
677 680
677 681
677 683
677 684
678 678
678 679
678 680
678 681
678 682
678 683
678 684
679 676
679 677
679 678
679 679
679 680
679 681
679 682
679 683
679 684
680 677
680 678
680 680
680 681
680 682
680 683
680 684
680 685
681 677
681 678
681 679
681 680
681 681
681 683
681 684
681 685
682 677
682 678
682 679
682 680
682 681
682 682
682 683
682 684
682 685
683 679
683 680
683 681
683 682
683 683
683 684
683 685
683 686
684 678
684 679
684 680
684 681
684 682
684 683
684 684
684 686
685 678
685 679
685 680
685 681
685 682
685 683
685 684
686 679
686 680
686 682
686 683
686 684
686 685
686 686
686 687
687 679
687 680
687 681
687 682
687 683
687 684
687 685
687 687
688 680
688 681
688 682
688 683
688 684
688 685
688 686
688 687
689 680
689 682
689 683
689 684
689 685
689 686
689 687
689 688
690 680
690 681
690 682
690 683
690 684
690 685
690 686
690 687
690 688
691 681
691 682
691 683
691 684
691 686
691 687
691 688
692 671
692 681
692 682
692 683
692 684
692 685
692 686
692 687
692 688
692 689
693 681
693 682
693 684
693 685
693 686
693 687
693 688
693 689
694 672
694 683
694 684
694 685
694 686
694 687
694 688
694 689
695 672
695 682
695 683
695 684
695 685
695 687
695 688
695 689
695 690
696 682
696 683
696 684
696 685
696 686
696 687
696 688
696 689
696 690
697 673
697 683
697 684
697 686
697 687
697 688
697 689
697 690
698 683
698 684
698 685
698 686
698 687
698 688
698 689
698 690
699 674
699 683
699 684
699 686
699 687
699 688
699 689
699 690
699 691
700 684
700 685
700 686
700 687
700 688
700 689
700 690
700 691
701 684
701 685
701 686
701 687
701 688
701 689
701 690
701 691
702 675
702 684
702 685
702 686
702 687
702 688
702 689
702 690
702 691
702 692
703 685
703 686
703 687
703 688
703 689
703 690
703 691
703 692
704 676
704 685
704 686
704 687
704 688
704 689
704 690
704 691
704 692
705 676
705 685
705 686
705 687
705 688
705 689
705 690
705 691
705 692
705 693
706 686
706 687
706 688
706 689
706 690
706 691
706 692
706 693
707 677
707 686
707 687
707 688
707 689
707 690
707 691
707 692
708 686
708 687
708 688
708 689
708 690
708 691
708 692
708 693
708 694
709 538
709 678
709 687
709 688
709 689
709 690
709 691
709 692
709 693
709 694
710 687
710 688
710 689
710 690
710 691
710 692
710 693
710 694
711 679
711 687
711 688
711 689
711 690
711 691
711 692
711 693
711 694
711 695
712 540
712 688
712 689
712 690
712 691
712 692
712 693
712 694
712 695
713 541
713 688
713 689
713 690
713 691
713 692
713 693
713 694
713 695
714 542
714 680
714 688
714 689
714 690
714 691
714 692
714 693
714 694
714 695
714 696
715 689
715 690
715 691
715 693
715 694
715 695
715 696
716 543
716 681
716 689
716 690
716 691
716 692
716 693
716 694
716 695
716 696
717 544
717 681
717 689
717 690
717 691
717 692
717 693
717 694
717 696
717 697
718 545
718 690
718 691
718 692
718 693
718 695
718 696
718 697
719 682
719 690
719 691
719 692
719 693
719 694
719 695
719 697
720 546
720 690
720 691
720 692
720 693
720 694
720 695
720 697
721 547
721 683
721 691
721 692
721 693
721 694
721 695
721 696
721 697
721 698
722 683
722 691
722 692
722 693
722 694
722 695
722 696
722 698
723 691
723 692
723 693
723 694
723 695
723 696
723 697
723 698
724 549
724 684
724 692
724 693
724 694
724 695
724 696
724 697
724 698
724 699
725 550
725 692
725 693
725 694
725 695
725 696
725 697
725 698
725 699
726 685
726 693
726 694
726 695
726 696
726 697
726 698
726 699
727 685
727 693
727 694
727 695
727 696
727 697
727 698
727 699
727 700
728 552
728 693
728 694
728 695
728 696
728 697
728 698
728 699
728 700
729 553
729 686
729 694
729 695
729 696
729 697
729 698
729 699
729 700
730 694
730 695
730 696
730 697
730 698
730 699
730 700
730 701
731 554
731 695
731 696
731 697
731 698
731 699
731 700
731 701
732 555
732 687
732 694
732 695
732 696
732 697
732 698
732 699
732 700
732 701
733 556
733 695
733 696
733 697
733 698
733 699
733 700
733 701
733 702
734 688
734 695
734 696
734 697
734 698
734 700
734 701
734 702
735 557
735 696
735 697
735 698
735 699
735 700
735 701
735 702
736 558
736 696
736 697
736 698
736 699
736 700
736 701
736 702
737 696
737 697
737 698
737 699
737 700
737 701
737 702
737 703
738 559
738 696
738 697
738 698
738 699
738 700
738 701
738 702
738 703
739 560
739 697
739 698
739 699
739 700
739 701
739 702
740 697
740 698
740 699
740 700
740 701
740 702
740 703
740 704
741 697
741 698
741 699
741 700
741 701
741 702
741 703
741 704
742 562
742 699
742 700
742 701
742 702
742 703
742 704
743 563
743 698
743 699
743 700
743 702
743 703
743 704
743 705
744 692
744 698
744 699
744 700
744 701
744 702
744 704
744 705
745 564
745 692
745 699
745 700
745 701
745 702
745 703
745 704
745 705
746 565
746 699
746 700
746 701
746 702
746 703
746 704
746 705
747 693
747 699
747 700
747 701
747 702
747 704
747 705
747 706
748 566
748 700
748 701
748 702
748 703
748 704
748 705
749 567
749 700
749 701
749 702
749 703
749 704
749 705
749 706
750 694
750 700
750 701
750 702
750 703
750 704
750 705
750 706
750 707
751 568
751 701
751 702
751 703
751 704
751 705
751 706
751 707
752 569
752 695
752 701
752 702
752 703
752 705
752 706
752 707
753 695
753 701
753 702
753 703
753 704
753 705
753 706
753 707
753 708
754 570
754 702
754 703
754 704
754 705
754 706
754 707
754 708
755 571
755 702
755 703
755 704
755 705
755 706
755 708
756 702
756 703
756 705
756 706
756 707
756 708
756 709
757 572
757 703
757 704
757 705
757 706
757 707
757 708
757 709
758 573
758 697
758 703
758 704
758 705
758 706
758 707
758 708
758 709
759 703
759 704
759 705
759 706
759 707
759 708
759 709
760 574
760 698
760 704
760 705
760 706
760 707
760 708
760 709
760 710
761 575
761 698
761 704
761 705
761 706
761 707
761 708
761 709
761 710
762 704
762 705
762 706
762 707
762 708
762 709
762 710
763 699
763 705
763 706
763 707
763 708
763 709
763 710
763 711
764 577
764 705
764 706
764 707
764 708
764 709
764 710
764 711
765 705
765 706
765 707
765 708
765 710
765 711
766 700
766 705
766 706
766 707
766 708
766 710
766 711
767 706
767 707
767 708
767 709
767 710
767 711
767 712
768 706
768 707
768 708
768 709
768 710
768 711
768 712
769 580
769 701
769 706
769 707
769 708
769 709
769 710
769 711
769 712
770 707
770 708
770 710
770 711
770 712
770 713
771 707
771 708
771 709
771 710
771 711
771 713
772 582
772 702
772 707
772 708
772 709
772 710
772 711
772 712
772 713
773 708
773 709
773 710
773 711
773 712
773 713
773 714
774 708
774 709
774 710
774 711
774 712
774 713
775 584
775 708
775 709
775 710
775 711
775 713
776 709
776 710
776 711
776 712
776 713
776 714
777 585
777 709
777 710
777 711
777 712
777 714
777 715
778 709
778 710
778 711
778 712
778 713
778 714
778 715
779 586
779 710
779 711
779 712
779 713
779 714
779 715
780 587
780 710
780 711
780 712
780 713
780 714
780 716
781 710
781 711
781 712
781 713
781 714
781 715
781 716
782 588
782 710
782 711
782 714
782 715
782 716
783 706
783 711
783 712
783 714
783 715
783 716
784 589
784 711
784 712
784 713
784 714
784 715
784 716
784 717
785 590
785 712
785 713
785 714
785 715
785 716
785 717
786 707
786 712
786 713
786 714
786 715
786 716
787 591
787 712
787 713
787 714
787 715
787 716
787 717
787 718
788 712
788 713
788 714
788 715
788 716
788 717
788 718
789 592
789 713
789 714
789 715
789 716
789 717
789 718
790 593
790 713
790 714
790 715
790 716
790 717
790 718
791 709
791 713
791 714
791 715
791 716
791 717
791 718
791 719
792 594
792 709
792 713
792 714
792 715
792 716
792 717
792 718
792 719
793 714
793 715
793 716
793 717
793 718
793 719
794 710
794 714
794 715
794 716
794 718
794 719
794 720
795 596
795 710
795 714
795 715
795 716
795 717
795 718
795 719
795 720
796 715
796 716
796 717
796 718
796 719
796 720
797 597
797 711
797 715
797 716
797 717
797 718
797 719
797 720
798 711
798 715
798 716
798 717
798 718
798 719
798 720
798 721
799 598
799 716
799 717
799 718
799 719
799 720
799 721
800 716
800 717
800 718
800 719
800 720
800 721
801 599
801 712
801 716
801 717
801 718
801 719
801 720
801 721
802 600
802 716
802 717
802 718
802 719
802 720
802 721
802 722
803 717
803 718
803 719
803 720
803 721
803 722
804 713
804 717
804 718
804 719
804 720
804 721
804 722
805 717
805 718
805 719
805 720
805 721
805 722
805 723
806 602
806 718
806 719
806 720
806 721
806 722
806 723
807 714
807 718
807 719
807 720
807 721
807 722
807 723
808 718
808 719
808 720
808 721
808 722
808 723
809 718
809 719
809 720
809 721
809 722
809 723
810 604
810 715
810 719
810 720
810 721
810 722
811 719
811 720
811 721
811 722
811 723
811 724
812 719
812 720
812 721
812 722
812 723
812 724
813 606
813 716
813 720
813 721
813 722
813 723
813 724
813 725
814 720
814 721
814 722
814 723
814 724
814 725
815 607
815 720
815 721
815 722
815 723
815 724
815 725
816 717
816 720
816 721
816 722
816 723
816 724
816 725
816 726
817 608
817 708
817 721
817 723
817 724
817 725
817 726
818 721
818 722
818 723
818 724
818 725
818 726
819 609
819 718
819 721
819 722
819 723
819 724
819 725
820 722
820 723
820 724
820 725
820 727
821 610
821 722
821 723
821 724
821 725
821 726
821 727
822 719
822 723
822 724
822 725
822 726
822 727
823 611
823 722
823 723
823 724
823 725
823 726
823 727
824 723
824 724
824 725
824 726
824 727
824 728
825 612
825 723
825 724
825 725
825 726
825 727
825 728
826 723
826 724
826 725
826 726
826 727
826 728
827 613
827 723
827 724
827 725
827 726
827 727
827 728
828 724
828 725
828 726
828 727
828 728
828 729
829 614
829 721
829 724
829 725
829 727
829 729
830 615
830 725
830 726
830 727
830 728
830 729
831 726
831 727
831 728
831 729
832 616
832 725
832 726
832 727
832 728
832 729
832 730
833 725
833 726
833 727
833 728
833 729
833 730
834 617
834 725
834 726
834 727
834 728
834 729
834 730
835 726
835 727
835 728
835 729
835 730
836 618
836 726
836 727
836 728
836 729
836 730
836 731
837 726
837 727
837 728
837 729
837 730
837 731
838 726
838 727
838 728
838 729
838 730
838 731
839 619
839 724
839 727
839 728
839 729
839 730
839 731
840 727
840 728
840 729
840 730
840 731
840 732
841 727
841 728
841 729
841 730
841 731
841 732
842 727
842 728
842 729
842 731
842 732
843 621
843 728
843 729
843 730
843 731
843 732
844 728
844 729
844 730
844 731
844 732
844 733
845 622
845 728
845 729
845 731
845 732
845 733
846 726
846 728
846 729
846 730
846 731
846 732
846 733
847 623
847 729
847 730
847 731
847 732
847 733
848 729
848 730
848 731
848 733
848 734
849 624
849 727
849 729
849 730
849 731
849 732
849 733
849 734
850 730
850 731
850 732
850 733
850 734
851 625
851 730
851 731
851 732
851 733
851 734
852 728
852 730
852 731
852 732
852 733
852 734
853 626
853 728
853 733
853 734
854 730
854 731
854 732
854 734
855 627
855 731
855 732
855 733
856 729
856 731
856 732
856 733
856 734
857 731
857 732
857 734
858 628
858 732
858 733
858 734
859 732
859 733
859 734
860 629
860 722
860 730
860 732
860 734
861 733
861 734
862 630
862 733
862 734
863 731
863 733
863 734
864 631
864 733
864 734
865 733
865 734
866 734
867 632
867 732
867 734
868 734
869 633
869 734
870 734
871 634
871 733
875 734
876 636
879 637
880 217
881 218
881 638
882 219
882 220
883 220
883 221
884 221
884 222
884 223
884 639
885 222
885 223
885 224
886 223
886 224
886 225
886 640
887 224
887 225
887 226
887 227
888 225
888 226
888 228
889 226
889 227
889 228
889 229
889 230
889 641
890 226
890 227
890 228
890 229
890 230
890 231
891 227
891 228
891 229
891 230
891 231
891 232
891 642
892 228
892 229
892 230
892 231
892 232
892 233
893 229
893 230
893 231
893 232
893 233
893 234
894 230
894 231
894 232
894 233
894 234
894 235
894 643
895 231
895 232
895 233
895 234
895 235
895 236
896 232
896 233
896 234
896 235
896 236
896 237
897 233
897 234
897 235
897 236
897 237
897 644
898 234
898 235
898 236
898 237
899 235
899 236
899 237
899 238
899 239
899 645
900 236
900 237
900 238
900 239
900 240
901 236
901 237
901 238
901 239
901 240
901 241
902 237
902 238
902 239
902 240
902 241
902 242
902 646
903 238
903 239
903 240
903 241
903 242
903 243
904 239
904 240
904 241
904 242
904 243
904 244
905 240
905 241
905 242
905 243
905 244
905 245
905 647
906 241
906 242
906 243
906 244
906 245
906 246
907 242
907 243
907 244
907 245
907 246
908 243
908 244
908 245
908 246
908 247
908 648
909 243
909 244
909 245
909 246
909 247
909 248
910 244
910 245
910 246
910 247
910 248
910 249
911 245
911 246
911 247
911 248
911 249
911 250
912 246
912 247
912 248
912 249
912 250
912 251
913 247
913 248
913 249
913 250
913 251
913 252
914 248
914 249
914 250
914 252
914 253
914 650
915 249
915 250
915 251
915 252
915 253
915 254
916 250
916 251
916 253
916 254
916 255
917 251
917 252
917 253
917 254
917 255
917 651
918 251
918 252
918 253
918 254
918 255
918 256
919 253
919 254
919 255
919 256
919 257
920 253
920 254
920 255
920 256
920 257
920 258
920 652
921 254
921 256
921 257
921 258
921 259
922 255
922 256
922 257
922 258
922 259
923 256
923 257
923 258
923 259
923 260
923 261
923 653
924 257
924 258
924 259
924 260
924 261
924 262
925 258
925 259
925 260
925 261
925 262
925 263
926 259
926 260
926 261
926 262
926 263
926 654
927 259
927 260
927 261
927 262
927 263
927 264
928 260
928 262
928 263
928 264
928 265
929 261
929 262
929 263
929 264
929 265
929 266
930 262
930 264
930 265
930 266
930 267
930 268
930 655
931 263
931 264
931 265
931 266
931 267
931 268
931 269
932 264
932 265
932 266
932 267
932 268
932 269
932 270
933 265
933 266
933 267
933 268
933 269
933 270
934 265
934 266
934 268
934 269
934 270
935 266
935 267
935 268
935 269
935 270
935 271
935 272
936 267
936 268
936 269
936 270
936 271
936 272
937 269
937 270
937 271
937 272
937 273
937 274
937 657
938 269
938 271
938 272
938 273
938 274
938 275
939 270
939 272
939 273
939 274
939 275
939 276
940 272
940 273
940 274
940 275
940 276
940 277
940 658
941 272
941 273
941 274
941 275
941 276
941 277
942 272
942 273
942 274
942 275
942 276
942 277
942 278
943 273
943 274
943 275
943 276
943 277
943 278
943 279
944 274
944 275
944 276
944 277
944 278
944 279
944 659
945 275
945 276
945 277
945 278
945 279
945 280
945 281
946 276
946 277
946 278
946 280
946 281
946 282
947 278
947 279
947 280
947 281
947 282
948 278
948 279
948 280
948 281
948 282
948 660
949 278
949 279
949 280
949 281
949 282
949 283
949 284
950 279
950 280
950 282
950 283
950 284
950 285
951 280
951 281
951 282
951 283
951 284
951 285
952 281
952 282
952 283
952 284
952 285
952 286
952 287
953 283
953 284
953 285
953 286
953 287
954 283
954 284
954 285
954 286
954 287
954 288
955 284
955 285
955 286
955 287
955 288
955 289
956 285
956 286
956 287
956 288
956 289
956 290
956 662
957 285
957 286
957 287
957 288
957 289
957 291
958 286
958 287
958 289
958 290
958 291
958 292
959 287
959 288
959 289
959 290
959 291
959 292
960 288
960 289
960 290
960 291
960 292
960 663
961 289
961 290
961 291
961 293
961 294
962 290
962 291
962 292
962 293
962 294
962 295
963 291
963 292
963 293
963 294
963 295
963 296
964 291
964 292
964 293
964 294
964 295
964 296
964 297
965 292
965 293
965 294
965 295
965 296
965 298
965 664
966 293
966 294
966 295
966 296
966 297
966 298
967 294
967 295
967 296
967 297
967 298
967 299
968 295
968 296
968 297
968 298
968 299
968 300
969 296
969 297
969 298
969 299
969 300
969 301
970 297
970 298
970 299
970 300
970 301
970 302
970 665
971 297
971 298
971 299
971 300
971 301
971 302
971 303
972 298
972 299
972 300
972 301
972 302
972 303
972 304
973 299
973 300
973 301
973 302
973 304
974 300
974 301
974 302
974 303
974 304
974 666
975 301
975 302
975 303
975 305
975 306
975 666
976 302
976 303
976 304
976 305
977 302
977 303
977 304
977 305
977 306
977 307
977 308
978 303
978 304
978 305
978 306
978 308
978 309
979 304
979 305
979 306
979 307
979 308
979 310
980 305
980 306
980 307
980 308
980 309
980 310
980 667
981 306
981 307
981 309
981 310
981 311
982 307
982 308
982 310
982 311
982 312
983 308
983 310
983 311
983 312
983 313
984 308
984 309
984 310
984 311
984 312
984 313
984 314
985 309
985 310
985 311
985 312
985 313
985 314
985 315
985 668
986 310
986 311
986 312
986 313
986 314
986 315
986 316
986 668
987 312
987 313
987 314
987 315
988 312
988 313
988 314
988 317
989 313
989 314
989 315
989 317
989 318
990 313
990 314
990 316
990 317
990 319
991 314
991 315
991 316
991 317
991 318
991 319
991 320
991 669
992 315
992 316
992 317
992 318
992 320
992 321
992 669
993 316
993 317
993 318
993 319
993 320
993 321
994 317
994 318
994 319
994 320
994 321
994 322
995 318
995 319
995 321
995 322
995 323
996 318
996 320
996 321
996 322
996 323
996 324
997 319
997 320
997 323
997 324
997 325
997 332
998 320
998 321
998 322
998 323
998 324
998 325
998 326
998 670
999 322
999 323
999 324
999 325
999 326
999 327
999 670
1000 322
1000 323
1000 324
1000 325
1000 326
1000 327
1001 323
1001 324
1001 325
1001 326
1001 327
1001 328
1002 286
1002 323
1002 324
1002 325
1002 326
1002 328
1002 329
1003 325
1003 326
1003 327
1003 328
1003 329
1003 330
1003 337
1004 325
1004 326
1004 327
1004 328
1004 329
1004 330
1004 331
1005 326
1005 327
1005 328
1005 329
1005 330
1005 331
1005 332
1006 327
1006 328
1006 329
1006 330
1006 331
1006 332
1007 288
1007 328
1007 329
1007 330
1007 331
1007 332
1007 333
1007 671
1008 328
1008 329
1008 330
1008 331
1008 332
1008 333
1008 334
1008 341
1008 671
1009 329
1009 330
1009 331
1009 332
1009 333
1009 335
1010 331
1010 332
1010 333
1010 334
1010 336
1011 331
1011 332
1011 333
1011 335
1011 336
1011 337
1012 290
1012 332
1012 333
1012 334
1012 336
1012 337
1013 333
1013 335
1013 336
1013 337
1013 338
1014 333
1014 334
1014 335
1014 336
1014 337
1014 338
1014 339
1015 291
1015 334
1015 335
1015 336
1015 337
1015 338
1015 339
1015 340
1015 672
1016 335
1016 336
1016 338
1016 339
1016 340
1016 341
1016 672
1017 337
1017 338
1017 339
1017 340
1017 341
1017 342
1018 337
1018 338
1018 339
1018 340
1018 341
1018 342
1018 343
1018 349
1019 340
1019 341
1019 342
1019 343
1020 338
1020 339
1020 340
1020 341
1020 342
1020 343
1020 344
1021 340
1021 341
1021 342
1021 343
1021 344
1021 345
1022 340
1022 341
1022 342
1022 343
1022 344
1022 345
1022 346
1023 341
1023 342
1023 343
1023 344
1023 345
1023 346
1023 347
1024 342
1024 343
1024 344
1024 345
1024 346
1024 347
1024 348
1025 344
1025 345
1025 346
1025 347
1026 343
1026 344
1026 345
1026 346
1026 347
1026 348
1026 349
1027 344
1027 347
1027 348
1027 349
1027 350
1028 345
1028 346
1028 347
1028 348
1028 349
1028 350
1028 351
1029 346
1029 347
1029 348
1029 349
1029 350
1029 352
1030 347
1030 348
1030 349
1030 350
1030 351
1030 353
1031 347
1031 348
1031 349
1031 350
1031 351
1031 352
1031 353
1032 349
1032 350
1032 351
1032 352
1032 353
1032 354
1033 349
1033 350
1033 351
1033 352
1033 354
1033 355
1034 350
1034 351
1034 352
1034 353
1034 354
1034 355
1034 356
1035 351
1035 352
1035 354
1035 355
1035 356
1035 357
1036 352
1036 353
1036 355
1036 356
1036 357
1036 358
1037 352
1037 353
1037 354
1037 356
1037 357
1037 358
1038 353
1038 354
1038 355
1038 356
1038 357
1038 358
1038 359
1039 354
1039 355
1039 356
1039 357
1039 358
1039 359
1039 360
1040 355
1040 356
1040 357
1040 358
1040 359
1040 360
1040 361
1041 356
1041 357
1041 358
1041 360
1041 361
1041 362
1042 357
1042 358
1042 359
1042 360
1042 361
1042 362
1042 363
1043 357
1043 358
1043 359
1043 360
1043 363
1044 358
1044 360
1044 361
1044 362
1044 363
1044 364
1045 359
1045 361
1045 362
1045 363
1045 364
1045 365
1046 360
1046 361
1046 362
1046 363
1046 364
1046 365
1046 366
1047 361
1047 362
1047 363
1047 364
1047 365
1047 366
1047 367
1048 361
1048 362
1048 363
1048 364
1048 365
1048 366
1048 367
1048 368
1049 362
1049 364
1049 365
1049 366
1049 367
1049 368
1050 363
1050 365
1050 366
1050 367
1050 368
1050 369
1051 364
1051 365
1051 367
1051 368
1051 369
1051 370
1052 365
1052 366
1052 368
1052 369
1052 370
1052 371
1053 366
1053 367
1053 368
1053 369
1053 370
1053 371
1053 372
1054 366
1054 368
1054 369
1054 370
1054 371
1054 373
1055 367
1055 368
1055 369
1055 370
1055 371
1055 372
1055 373
1056 369
1056 370
1056 371
1056 372
1056 373
1056 374
1057 369
1057 370
1057 371
1057 372
1057 373
1057 374
1057 375
1058 371
1058 372
1058 373
1058 375
1058 376
1059 370
1059 371
1059 372
1059 373
1059 374
1059 376
1059 377
1060 371
1060 372
1060 373
1060 374
1060 376
1060 377
1060 378
1061 372
1061 373
1061 374
1061 375
1061 376
1061 377
1061 378
1062 373
1062 374
1062 375
1062 377
1062 378
1062 379
1063 374
1063 375
1063 376
1063 377
1063 379
1063 380
1064 375
1064 378
1064 379
1064 380
1064 381
1065 375
1065 376
1065 377
1065 378
1065 380
1065 381
1065 382
1066 376
1066 377
1066 378
1066 380
1066 381
1066 382
1066 383
1067 377
1067 378
1067 379
1067 380
1067 381
1067 383
1068 378
1068 379
1068 380
1068 381
1068 382
1068 383
1068 384
1069 379
1069 380
1069 381
1069 382
1069 383
1069 384
1069 385
1070 379
1070 380
1070 381
1070 382
1070 383
1070 384
1070 385
1070 386
1071 380
1071 381
1071 382
1071 383
1071 384
1071 385
1071 386
1071 387
1072 381
1072 382
1072 383
1072 384
1072 385
1072 386
1072 388
1073 382
1073 383
1073 384
1073 385
1073 386
1073 387
1073 388
1074 383
1074 384
1074 385
1074 386
1074 388
1074 389
1075 384
1075 386
1075 387
1075 388
1075 390
1076 384
1076 385
1076 386
1076 388
1076 389
1076 390
1076 391
1077 385
1077 386
1077 387
1077 388
1077 389
1077 390
1077 391
1077 392
1078 387
1078 388
1078 389
1078 392
1078 393
1079 387
1079 388
1079 390
1079 391
1079 392
1079 393
1080 389
1080 390
1080 391
1080 393
1080 394
1081 388
1081 390
1081 392
1081 394
1081 395
1082 389
1082 390
1082 391
1082 392
1082 393
1082 394
1082 395
1082 396
1083 390
1083 391
1083 392
1083 393
1083 394
1083 395
1083 397
1084 391
1084 392
1084 393
1084 394
1084 395
1084 396
1084 397
1084 398
1085 392
1085 393
1085 395
1085 396
1085 397
1085 399
1086 394
1086 395
1086 396
1086 397
1086 398
1086 399
1087 393
1087 394
1087 396
1087 397
1087 398
1087 399
1087 400
1088 394
1088 397
1088 398
1088 399
1088 401
1089 395
1089 396
1089 397
1089 399
1089 400
1089 401
1090 396
1090 397
1090 399
1090 400
1090 401
1090 403
1091 397
1091 398
1091 399
1091 400
1091 401
1091 402
1091 403
1091 404
1092 397
1092 398
1092 399
1092 401
1092 402
1092 403
1093 398
1093 399
1093 401
1093 402
1093 403
1093 405
1094 399
1094 400
1094 402
1094 403
1094 404
1094 406
1095 400
1095 401
1095 402
1095 403
1095 404
1095 405
1095 406
1095 407
1096 401
1096 403
1096 404
1096 405
1096 407
1096 408
1097 402
1097 404
1097 406
1097 407
1097 408
1098 402
1098 403
1098 404
1098 407
1098 408
1098 409
1099 406
1099 407
1099 408
1099 410
1100 405
1100 406
1100 407
1100 408
1100 409
1100 411
1101 405
1101 408
1101 409
1101 411
1101 412
1102 406
1102 407
1102 408
1102 409
1102 410
1102 411
1102 412
1102 413
1103 406
1103 407
1103 408
1103 409
1103 411
1103 412
1103 414
1104 407
1104 409
1104 410
1104 411
1104 412
1104 415
1105 408
1105 409
1105 410
1105 411
1105 412
1105 414
1105 415
1106 410
1106 411
1106 413
1106 414
1106 416
1107 410
1107 411
1107 412
1107 413
1107 414
1107 415
1107 416
1107 417
1108 411
1108 414
1108 415
1108 417
1108 418
1109 411
1109 412
1109 414
1109 415
1109 417
1109 418
1110 413
1110 414
1110 416
1110 417
1110 418
1110 419
1110 420
1111 413
1111 415
1111 416
1111 418
1111 419
1112 414
1112 415
1112 416
1112 417
1112 419
1112 420
1113 415
1113 416
1113 418
1113 419
1113 421
1114 416
1114 417
1114 420
1114 421
1114 423
1115 416
1115 417
1115 418
1115 419
1115 420
1115 421
1115 422
1115 423
1116 417
1116 419
1116 421
1116 422
1116 424
1116 425
1117 418
1117 419
1117 421
1117 422
1117 423
1117 424
1117 426
1118 419
1118 420
1118 421
1118 423
1118 424
1118 426
1119 420
1119 421
1119 423
1119 424
1119 426
1119 427
1120 421
1120 422
1120 424
1120 425
1120 426
1120 427
1121 421
1121 423
1121 424
1121 426
1121 427
1121 429
1122 424
1122 425
1122 427
1122 428
1122 429
1122 430
1123 423
1123 424
1123 426
1123 427
1123 429
1123 430
