31 300
36 304
50 305
51 305
51 315
53 315
55 315
59 249
60 250
61 245
61 383
63 373
64 371
64 384
65 230
65 238
65 252
66 305
66 380
66 400
67 237
67 378
67 380
67 382
67 413
68 237
68 375
68 378
68 379
68 380
68 381
68 382
68 383
69 245
69 247
69 248
69 249
69 377
69 379
69 380
69 381
70 236
70 237
70 238
70 241
70 242
70 243
70 245
70 247
70 384
70 415
71 236
71 243
72 235
72 385
73 232
73 389
74 230
75 222
75 234
76 221
76 234
76 306
76 390
77 229
77 307
77 388
78 229
78 231
78 233
78 389
79 232
80 232
81 390
81 392
82 231
82 392
82 425
83 231
84 227
85 223
85 227
85 230
86 193
86 316
87 228
87 394
88 316
88 394
90 213
90 395
91 210
91 395
91 420
92 225
93 202
93 209
93 396
93 413
94 200
94 396
94 414
95 206
95 224
95 356
95 360
96 205
96 264
97 246
97 397
98 223
98 319
99 183
99 202
99 325
100 201
100 430
102 222
103 198
103 211
104 198
105 221
106 221
107 309
107 412
110 309
110 417
110 437
111 206
111 256
112 466
113 187
113 324
113 434
113 471
114 309
114 420
114 468
115 473
116 75
116 150
116 187
117 79
117 149
117 476
118 144
118 423
118 569
119 141
119 146
119 152
119 506
119 575
120 53
120 60
120 66
120 145
120 480
120 559
121 64
121 110
121 240
121 282
121 371
121 434
121 518
121 562
121 563
122 48
122 62
122 142
122 150
122 483
123 149
123 199
123 249
123 374
123 437
123 445
123 572
124 58
124 134
124 137
124 139
124 301
125 138
125 185
125 292
125 375
125 439
125 570
126 296
126 572
126 586
127 34
127 135
127 175
127 193
127 246
127 430
127 490
127 585
128 31
128 103
128 107
128 245
128 488
129 29
129 36
129 47
129 193
129 371
129 413
129 493
129 579
129 580
129 581
130 125
130 131
130 165
130 191
130 244
130 496
131 43
131 205
131 461
131 496
132 128
132 242
133 37
133 194
133 204
133 525
134 125
134 205
134 240
134 245
134 388
134 464
134 500
134 587
134 590
135 32
135 34
135 131
135 459
135 461
135 502
136 116
136 245
136 263
137 238
137 249
137 252
137 389
137 454
137 505
137 547
138 27
138 119
138 186
138 193
138 272
138 456
138 506
139 84
139 116
139 118
139 235
139 243
139 388
139 435
139 440
139 508
139 529
140 65
140 116
140 170
140 299
140 378
141 96
141 115
141 180
141 184
141 189
141 233
141 311
141 382
141 387
141 388
141 437
141 511
141 518
142 62
142 113
142 158
142 232
142 470
142 520
142 532
142 533
143 59
143 93
143 112
143 230
143 231
143 245
143 443
143 514
143 530
143 534
143 535
143 566
144 91
144 92
144 110
144 198
144 230
144 239
144 307
144 387
144 401
144 536
145 81
145 90
145 109
145 162
145 228
145 307
145 398
145 517
145 538
146 88
146 107
146 227
146 234
146 465
146 521
146 539
147 86
147 104
147 225
147 226
147 520
147 541
148 85
148 181
148 224
148 226
148 258
148 311
148 522
148 530
148 542
149 49
149 83
149 84
149 103
149 180
149 223
149 348
149 392
149 396
149 402
149 448
149 456
149 457
149 523
149 543
149 544
150 82
150 221
150 222
150 230
150 233
150 404
150 434
150 456
150 457
150 525
150 527
150 533
150 545
150 546
151 81
151 217
151 220
151 221
151 349
151 457
151 458
151 527
151 546
151 547
152 45
152 79
152 96
152 98
152 167
152 195
152 208
152 217
152 218
152 219
152 233
152 406
152 407
152 411
152 431
152 528
152 548
153 77
153 78
153 97
153 166
153 167
153 168
153 346
153 348
153 350
153 398
153 452
153 454
153 459
153 490
153 530
153 550
153 551
154 54
154 95
154 166
154 167
154 216
154 348
154 388
154 409
154 410
154 531
154 552
154 560
154 593
155 40
155 91
155 93
155 94
155 165
155 166
155 213
155 214
155 215
155 344
155 402
155 499
155 533
155 553
156 72
156 90
156 92
156 139
156 146
156 165
156 204
156 213
156 240
156 258
156 345
156 353
156 412
156 432
156 479
156 488
156 555
157 90
157 152
157 211
157 212
157 213
157 226
157 413
157 416
157 455
157 536
157 577
158 78
158 89
158 209
158 210
158 211
158 277
158 283
158 403
158 414
158 537
159 24
159 61
159 88
159 207
159 209
159 222
159 279
159 341
159 483
159 539
160 50
160 86
160 205
160 207
160 278
160 282
160 408
160 541
160 566
161 72
161 84
161 85
161 204
161 205
161 281
161 284
161 358
161 407
161 542
161 583
162 58
162 83
162 167
162 202
162 204
162 286
162 336
162 408
162 496
162 544
162 555
162 570
163 81
163 198
163 200
163 202
163 222
163 274
163 285
163 360
163 461
163 545
163 546
164 55
164 80
164 201
164 287
164 401
164 547
164 558
164 573
165 50
165 53
165 78
165 137
165 199
165 217
165 339
165 462
165 507
165 549
165 552
166 76
166 80
166 201
166 291
166 295
166 312
166 315
166 463
166 550
166 598
167 75
167 112
167 227
167 290
167 291
167 337
167 458
167 464
167 493
167 515
167 552
167 553
168 73
168 162
168 207
168 269
168 294
168 459
168 465
168 554
168 570
169 72
169 155
169 336
169 556
170 42
170 70
170 136
170 190
170 212
170 213
170 332
170 365
170 420
170 421
170 460
170 572
170 593
171 68
171 69
171 208
171 209
171 249
171 323
171 350
171 429
171 460
171 461
171 559
172 39
172 44
172 66
172 67
172 105
172 185
172 199
172 221
172 323
172 351
172 354
172 356
172 357
172 388
172 437
172 460
172 461
172 462
172 510
173 21
173 65
173 157
173 184
173 185
173 265
173 323
173 350
173 354
173 369
173 427
173 428
173 429
173 441
173 461
173 462
174 64
174 111
174 323
174 348
174 350
174 368
174 433
174 438
174 441
174 461
174 462
174 463
174 513
174 525
175 32
175 61
175 101
175 148
175 183
175 347
175 358
175 414
175 432
175 437
175 462
175 463
175 464
175 518
175 528
176 60
176 155
176 181
176 183
176 185
176 188
176 195
176 278
176 346
176 347
176 348
176 462
176 464
176 465
176 571
177 113
177 120
177 154
177 186
177 192
177 197
177 264
177 278
177 345
177 392
177 463
177 464
177 465
177 521
177 573
178 112
178 184
178 194
178 206
178 275
178 278
178 281
178 345
178 347
178 463
178 464
178 465
178 466
179 17
179 42
179 95
179 191
179 275
179 279
179 282
179 284
179 333
179 373
179 464
179 465
179 466
179 476
179 536
180 93
180 98
180 110
180 273
180 297
180 298
180 333
180 465
180 466
180 476
180 508
180 522
181 36
181 283
181 333
181 344
181 465
181 466
181 467
181 478
182 284
182 298
182 465
182 466
182 467
182 478
182 479
182 525
183 15
183 18
183 148
183 287
183 324
183 343
183 465
183 466
183 468
183 472
183 479
183 499
183 527
183 530
184 101
184 148
184 267
184 286
184 324
184 336
184 342
184 467
184 468
184 543
185 42
185 96
185 194
185 207
185 324
185 338
185 342
185 427
185 466
185 467
185 472
185 481
186 40
186 155
186 288
186 324
186 334
186 341
186 342
186 427
186 464
186 467
186 468
186 469
186 482
186 530
186 591
187 145
187 154
187 256
187 265
187 289
187 431
187 467
187 468
187 469
187 521
188 87
188 131
188 153
188 154
188 340
188 401
188 431
188 469
188 470
188 541
189 90
189 99
189 152
189 153
189 154
189 202
189 334
189 431
189 468
189 469
189 470
189 475
189 487
189 584
189 591
190 79
190 92
190 152
190 153
190 263
190 334
190 469
190 470
190 486
190 508
190 593
190 594
190 599
191 74
191 151
191 152
191 153
191 469
191 470
191 471
191 487
191 591
192 150
192 152
192 153
192 470
192 471
193 70
193 75
193 150
193 151
193 260
193 284
193 470
193 471
193 472
194 149
194 150
194 151
194 287
194 361
194 471
194 472
194 496
194 588
194 603
195 13
195 86
195 148
195 149
195 150
195 151
195 152
195 259
195 361
195 471
195 472
195 482
196 26
196 27
196 148
196 149
196 150
196 151
196 325
196 336
196 384
196 472
197 23
197 29
197 30
197 31
197 72
197 107
197 148
197 150
197 151
197 232
197 325
197 472
197 473
197 533
197 589
197 598
197 600
198 18
198 31
198 52
198 68
198 147
198 148
198 149
198 150
198 335
198 472
198 473
198 474
198 482
198 597
198 601
199 50
199 63
199 147
199 148
199 149
199 150
199 256
199 335
199 387
199 460
199 473
199 474
199 483
199 557
199 591
199 600
200 133
200 146
200 147
200 148
200 149
200 150
200 201
200 249
200 297
200 313
200 325
200 387
200 473
200 474
200 503
200 539
200 546
200 594
200 600
201 75
201 90
201 114
201 131
201 132
201 139
201 146
201 147
201 148
201 149
201 322
201 417
201 474
201 475
201 497
201 548
201 567
201 600
202 68
202 129
202 130
202 131
202 146
202 147
202 148
202 149
202 255
202 475
202 485
202 498
202 600
203 20
203 129
203 130
203 142
203 145
203 146
203 147
203 148
203 149
203 170
203 254
203 357
203 448
203 452
203 475
203 476
203 486
203 499
203 530
203 556
203 572
203 580
204 23
204 129
204 145
204 146
204 147
204 148
204 166
204 173
204 253
204 337
204 390
204 449
204 476
204 487
204 495
204 500
204 600
205 115
205 145
205 146
205 147
205 158
205 166
205 380
205 391
205 466
205 559
206 21
206 140
206 144
206 145
206 146
206 147
206 148
206 227
206 336
206 502
206 517
207 16
207 139
207 144
207 145
207 146
207 147
207 162
207 175
207 297
207 336
207 464
207 489
207 503
207 504
207 557
207 560
207 562
208 23
208 124
208 144
208 145
208 146
208 147
208 294
208 297
208 326
208 365
208 393
208 462
208 490
208 504
208 512
208 564
209 59
209 143
209 144
209 145
209 147
209 243
209 297
209 491
209 562
210 14
210 137
210 143
210 144
210 145
210 146
210 294
210 297
210 313
210 320
210 383
210 568
211 48
211 77
211 143
211 144
211 145
211 146
211 297
211 507
212 47
212 120
212 142
212 143
212 144
212 145
212 146
212 397
212 435
212 493
212 517
212 572
213 62
213 82
213 118
213 135
213 142
213 143
213 144
213 145
213 240
213 397
213 494
213 511
214 83
214 90
214 134
214 141
214 143
214 144
214 145
214 337
214 482
214 495
214 547
214 555
214 575
214 607
215 22
215 117
215 141
215 142
215 143
215 144
215 337
215 514
216 56
216 141
216 142
216 143
216 144
216 338
216 400
216 516
216 568
216 572
216 595
217 59
217 115
217 132
217 140
217 141
217 142
217 143
217 293
217 400
217 497
217 535
217 545
218 55
218 114
218 123
218 130
218 131
218 140
218 141
218 340
218 498
218 546
218 547
218 561
219 112
219 122
219 140
219 141
219 499
219 536
219 548
219 550
220 13
220 39
220 47
220 80
220 130
220 139
220 140
220 197
220 323
220 403
221 12
221 41
221 50
221 85
221 129
221 189
221 234
221 235
221 323
221 338
221 500
221 518
221 550
221 576
222 14
222 124
222 128
222 338
222 404
222 501
222 519
222 551
222 552
222 554
223 38
223 43
223 180
223 296
223 405
223 502
223 520
223 522
223 553
223 608
224 24
224 127
224 233
224 296
224 341
224 503
224 521
224 523
224 580
224 597
225 32
225 66
225 71
225 126
225 296
225 544
225 553
225 554
226 87
226 125
226 401
226 504
226 523
226 556
226 570
227 45
227 63
227 73
227 231
227 402
227 417
227 505
227 511
227 528
227 557
227 570
227 575
228 46
228 71
228 78
228 117
228 124
228 339
228 410
228 506
228 558
228 576
228 577
229 123
229 254
229 507
229 560
230 27
230 45
230 69
230 75
230 103
230 122
230 229
230 291
230 503
230 504
230 508
230 561
231 45
231 68
231 80
231 122
231 212
231 340
231 421
231 504
231 508
231 529
231 556
231 562
231 563
231 571
232 101
232 121
232 225
232 504
232 509
232 530
232 553
232 554
232 564
232 602
233 22
233 66
233 99
233 100
233 120
233 227
233 340
233 414
233 504
233 507
233 510
233 531
234 36
234 64
234 65
234 119
234 295
234 340
234 504
234 505
234 509
234 511
234 513
234 532
234 566
235 96
235 97
235 98
235 110
235 119
235 290
235 295
235 411
235 505
235 512
235 533
235 609
236 61
236 62
236 63
236 97
236 118
236 295
236 505
236 512
236 566
236 568
237 41
237 72
237 96
237 117
237 426
237 504
237 505
237 513
237 545
237 569
237 570
238 36
238 60
238 61
238 95
238 116
238 117
238 428
238 505
238 514
238 571
239 59
239 65
239 116
239 341
239 505
239 538
239 572
239 573
239 575
240 55
240 58
240 115
240 222
240 260
240 325
240 341
240 428
240 539
241 56
241 114
241 379
241 540
241 552
241 567
241 574
241 607
242 55
242 91
242 114
242 117
242 430
242 506
242 512
242 541
242 543
242 576
242 596
243 25
243 54
243 102
243 113
243 117
243 294
243 506
243 542
243 577
243 578
243 581
244 18
244 112
244 117
244 218
244 294
244 342
244 432
244 506
244 518
244 543
244 556
244 585
245 51
245 52
245 86
245 211
245 294
245 307
245 342
245 573
245 579
245 580
246 46
246 110
246 111
246 114
246 116
246 307
246 371
246 546
246 571
247 48
247 49
247 83
247 116
247 217
247 549
247 582
247 584
247 594
248 51
248 82
248 84
248 116
248 205
248 398
248 441
248 548
248 583
248 584
249 46
249 47
249 82
249 83
249 231
249 559
249 578
249 584
249 585
249 586
250 12
250 54
250 82
250 343
250 379
250 531
250 581
250 586
251 44
251 81
251 256
251 292
251 293
251 587
251 588
252 40
252 77
252 293
252 379
252 436
252 589
253 33
253 41
253 42
253 58
253 76
253 113
253 115
253 202
253 293
253 370
253 590
254 65
254 101
254 418
254 555
255 39
255 40
255 115
255 199
255 290
255 344
255 371
255 556
255 588
256 38
256 115
256 307
256 330
256 346
256 425
256 572
256 590
256 595
257 37
257 44
257 113
257 115
257 345
257 418
257 591
257 592
257 595
258 34
258 35
258 36
258 42
258 75
258 256
258 331
258 473
258 474
258 555
258 593
258 600
259 30
259 41
259 69
259 72
259 291
259 345
259 473
259 474
259 561
259 598
260 32
260 33
260 40
260 105
260 113
260 189
260 196
260 197
260 292
260 345
260 347
260 473
260 474
261 31
261 32
261 113
261 255
261 292
261 424
261 474
261 511
261 563
262 30
262 67
262 69
262 291
262 565
262 581
263 28
263 29
263 68
263 194
263 467
263 557
263 566
264 27
264 28
264 346
264 347
264 348
264 395
264 480
264 506
264 508
264 567
264 574
265 26
265 27
265 291
265 327
265 346
265 400
265 401
265 568
266 24
266 291
266 311
266 387
266 398
266 399
266 402
266 473
266 569
266 605
267 23
267 24
267 25
267 63
267 290
267 291
267 350
267 396
267 479
268 18
268 62
268 191
268 290
268 332
268 349
268 391
268 572
269 16
269 20
269 21
269 22
269 44
269 58
269 61
269 189
269 193
269 317
269 347
269 387
269 392
269 394
269 469
270 15
270 18
270 19
270 20
270 52
270 57
270 60
270 306
270 393
270 468
270 478
270 574
270 579
271 19
271 54
271 59
271 391
271 393
271 467
271 505
272 58
272 191
272 290
272 348
272 505
272 507
272 576
273 57
273 290
273 306
273 352
273 390
273 578
273 597
273 598
274 55
274 207
274 352
274 390
274 468
274 477
274 504
274 579
274 596
274 599
275 14
275 54
275 333
275 391
275 580
275 600
276 53
276 60
276 207
276 282
276 306
276 333
276 409
276 464
276 581
277 52
277 333
277 349
277 353
277 389
277 390
277 409
277 465
277 503
277 583
277 588
278 51
278 150
278 152
278 289
278 305
278 306
278 333
278 353
278 387
278 409
278 463
278 503
278 584
279 49
279 114
279 151
279 256
279 288
279 305
279 333
279 352
279 503
279 585
280 48
280 286
280 350
280 387
280 389
280 409
280 476
280 503
280 586
280 587
281 17
281 18
281 38
281 47
281 350
281 389
281 462
281 480
281 502
281 503
281 588
282 46
282 279
282 288
282 333
282 351
282 389
282 409
282 462
282 465
282 502
282 505
282 589
282 597
283 44
283 209
283 288
283 328
283 409
283 501
283 502
283 590
283 595
284 41
284 43
284 287
284 351
284 409
284 500
284 501
284 502
284 591
284 592
285 34
285 40
285 119
285 256
285 286
285 387
285 406
285 409
285 500
285 501
285 502
285 592
285 593
286 42
286 147
286 274
286 275
286 334
286 387
286 408
286 409
286 500
286 501
286 593
287 40
287 334
287 353
287 400
287 408
287 409
287 464
287 498
287 501
287 595
288 26
288 34
288 39
288 153
288 334
288 352
288 356
288 387
288 408
288 409
288 461
288 500
288 596
288 600
289 38
289 255
289 270
289 271
289 272
289 287
289 325
289 352
289 387
289 408
289 409
289 461
289 499
289 500
289 597
289 598
290 36
290 147
290 154
290 212
290 255
290 271
290 313
290 317
290 329
290 408
290 461
290 499
290 500
290 599
291 269
291 270
291 387
291 408
291 409
291 446
291 463
291 498
291 499
291 600
292 26
292 34
292 157
292 250
292 284
292 286
292 353
292 356
292 387
292 407
292 408
292 409
292 461
292 498
292 499
292 598
292 601
292 602
293 30
293 33
293 269
293 286
293 305
293 353
293 387
293 407
293 408
293 409
293 500
293 599
293 602
293 603
294 304
294 387
294 403
294 408
294 409
294 461
294 497
294 498
294 603
295 31
295 33
295 149
295 156
295 237
295 313
295 335
295 354
295 357
295 406
295 407
295 408
295 409
295 461
295 497
295 498
296 29
296 281
296 304
296 329
296 335
296 354
296 387
296 406
296 407
296 408
296 409
296 497
297 28
297 285
297 335
297 356
297 387
297 406
297 407
297 408
297 409
297 497
298 26
298 27
298 121
298 150
298 230
298 304
298 335
298 387
298 406
298 407
298 461
298 497
298 504
299 22
299 23
299 26
299 33
299 125
299 207
299 230
299 285
299 304
299 331
299 355
299 386
299 405
299 406
299 407
299 408
299 461
299 496
299 502
300 25
300 32
300 122
300 231
300 304
300 326
300 355
300 386
300 405
300 406
300 407
300 408
300 496
300 502
301 23
301 161
301 276
301 304
301 355
301 382
301 386
301 404
301 405
301 406
301 464
302 123
302 231
302 233
302 284
302 304
302 356
302 383
302 386
302 397
302 404
302 405
302 406
302 407
302 461
302 477
303 20
303 123
303 225
303 234
303 284
303 360
303 404
303 406
303 407
304 20
304 234
304 273
304 274
304 304
304 330
304 404
304 405
304 406
304 499
305 19
305 30
305 124
305 169
305 234
305 283
305 304
305 357
305 404
305 405
305 406
305 428
306 125
306 166
306 234
306 236
306 304
306 357
306 362
306 393
306 403
306 404
306 405
306 461
307 236
307 283
307 304
307 330
307 357
307 403
307 404
307 405
307 464
308 23
308 236
308 240
308 269
308 270
308 358
308 362
308 386
308 403
308 404
308 405
308 448
308 502
309 167
309 236
309 239
309 358
309 363
309 386
309 402
309 403
309 404
309 415
309 478
310 22
310 127
310 282
310 358
310 363
310 386
310 401
310 402
310 403
310 404
310 461
310 502
310 507
311 127
311 282
311 362
311 363
311 364
311 401
311 402
311 403
311 414
311 499
311 504
312 124
312 128
312 168
312 237
312 313
312 316
312 337
312 401
312 402
312 403
312 504
312 505
313 124
313 154
313 223
313 237
313 281
313 359
313 364
313 401
313 402
313 461
313 470
313 502
314 129
314 154
314 177
314 265
314 319
314 337
314 400
314 401
314 402
314 412
314 471
314 499
315 125
315 169
315 217
315 265
315 267
315 281
315 331
315 360
315 361
315 365
315 386
315 400
315 401
315 402
315 425
316 229
316 245
316 264
316 266
316 360
316 385
316 399
316 400
316 401
316 461
316 502
316 508
317 168
317 238
317 240
317 264
317 265
317 280
317 314
317 331
317 364
317 399
317 400
317 443
318 196
318 280
318 312
318 391
318 400
318 409
318 461
319 280
319 361
319 398
319 399
319 408
319 499
320 132
320 239
320 260
320 263
320 303
320 386
320 398
320 464
320 503
321 171
321 279
321 302
321 313
321 362
321 398
321 399
321 401
321 457
322 133
322 171
322 240
322 279
322 312
322 362
322 397
322 398
323 240
323 262
323 279
323 363
323 364
323 397
324 195
324 240
324 241
324 363
324 386
324 396
324 466
324 488
324 504
325 172
325 241
325 278
325 363
325 383
325 385
325 396
325 488
326 278
326 364
326 365
326 368
326 395
326 396
326 500
327 156
327 234
327 364
327 395
327 396
328 234
328 277
328 313
328 364
328 377
328 385
328 400
328 482
328 500
329 127
329 277
329 367
329 385
329 394
329 395
329 399
329 459
329 460
329 465
330 241
330 255
330 365
330 375
330 376
330 377
330 378
330 379
330 389
330 394
330 398
330 459
330 463
330 500
331 132
331 174
331 258
331 365
331 377
331 378
331 394
331 397
331 463
332 174
332 276
332 366
332 380
332 385
332 394
332 458
332 504
333 128
333 225
333 244
333 276
333 288
333 376
333 377
333 378
333 380
333 385
333 393
333 448
333 458
333 487
334 377
334 378
334 379
334 381
334 392
334 393
334 394
334 504
335 242
335 288
335 312
335 333
335 367
335 372
335 377
335 379
335 380
335 381
335 392
335 457
336 130
336 132
336 238
336 242
336 243
336 311
336 367
336 376
336 377
336 378
336 379
336 380
336 381
336 385
336 388
336 391
336 480
337 129
337 176
337 234
337 239
337 275
337 311
337 368
337 377
337 378
337 379
337 380
337 381
337 391
337 456
337 500
338 205
338 239
338 368
338 378
338 379
338 380
338 381
338 382
339 158
339 236
339 239
339 288
339 312
339 333
339 368
339 371
339 377
339 379
339 380
339 384
339 385
339 390
339 455
339 500
340 134
340 240
340 243
340 369
340 379
340 380
340 390
341 131
341 178
341 238
341 240
341 250
341 312
341 369
341 378
341 380
341 381
341 382
341 384
341 389
341 459
341 500
342 128
342 129
342 239
342 241
342 311
342 312
342 334
342 370
342 378
342 379
342 381
342 382
342 383
342 389
342 453
342 505
343 159
343 178
343 179
343 240
343 332
343 370
343 380
343 382
343 384
343 500
344 370
344 378
344 379
344 380
344 382
344 383
344 384
344 385
344 386
344 388
344 416
344 440
344 452
344 525
345 180
345 337
345 371
345 379
345 380
345 381
345 383
345 384
345 385
345 386
345 387
345 388
345 451
345 500
346 214
346 306
346 311
346 312
346 379
346 380
346 381
346 382
346 383
346 384
346 438
346 516
346 525
347 312
347 371
347 372
347 379
347 382
347 383
347 384
347 385
347 449
347 451
347 478
347 526
348 135
348 136
348 372
348 375
348 381
348 383
348 384
348 386
348 436
348 456
348 500
349 161
349 242
349 372
349 379
349 380
349 381
349 382
349 434
349 448
349 526
350 128
350 129
350 256
350 306
350 336
350 373
350 384
350 387
351 137
351 184
351 249
351 373
351 380
351 381
351 382
351 383
351 386
351 446
351 505
352 128
352 130
352 178
352 185
352 285
352 373
352 374
352 472
352 509
353 285
353 338
353 373
353 374
353 377
353 382
353 383
353 484
354 246
354 285
354 374
354 513
354 526
355 126
355 184
355 246
355 375
355 504
356 138
356 187
356 188
356 247
356 305
356 311
356 335
356 336
356 375
356 446
357 186
357 247
357 299
357 305
357 311
357 375
357 376
357 439
357 474
358 248
358 305
358 311
358 321
358 335
358 376
358 437
359 191
359 205
359 248
359 335
359 376
359 377
359 436
359 481
359 527
360 131
360 377
360 435
361 193
361 357
361 377
361 440
362 140
362 158
362 168
362 194
362 357
362 377
362 378
362 432
363 158
363 164
363 169
363 195
363 378
363 431
364 132
364 159
364 201
364 378
364 379
364 382
365 130
365 158
365 160
365 379
365 428
365 442
365 464
365 497
366 130
366 159
366 160
366 161
366 250
366 379
366 380
366 427
366 441
367 133
367 142
367 159
367 160
367 161
367 162
367 173
367 251
367 336
367 380
368 161
368 251
368 267
368 336
368 380
368 439
369 162
369 163
369 381
369 423
370 176
370 198
370 202
370 223
370 310
370 381
370 434
370 456
370 508
370 511
371 137
371 163
371 164
371 223
371 381
371 382
371 495
371 500
371 531
372 132
372 165
372 259
372 382
372 419
372 432
372 457
372 468
372 502
373 135
373 165
373 253
373 382
373 383
373 448
373 507
374 133
374 146
374 168
374 208
374 253
374 337
374 383
374 416
375 169
375 179
375 338
375 383
375 384
375 415
375 526
376 167
376 168
376 169
376 337
376 384
376 414
376 448
376 461
376 508
377 148
377 169
377 171
377 186
377 212
377 223
377 337
377 384
377 385
377 415
378 170
378 171
378 172
378 255
378 337
378 384
378 385
378 443
378 525
379 170
379 172
379 173
379 339
379 385
379 386
379 504
379 525
379 531
380 138
380 150
380 172
380 174
380 216
380 339
380 385
380 386
380 431
380 487
381 134
381 138
381 386
381 387
381 493
382 175
382 186
382 230
382 386
382 387
382 407
382 491
382 503
382 504
382 511
382 524
383 200
383 219
383 338
383 387
383 388
383 414
383 421
383 480
383 502
384 140
384 338
384 387
384 388
384 417
384 479
385 140
385 141
385 147
385 222
385 388
385 477
386 193
386 205
386 388
386 389
386 476
386 498
387 208
387 389
387 498
388 122
388 138
388 294
388 389
388 390
388 472
389 390
389 391
389 471
389 521
390 154
390 202
390 216
390 363
390 370
390 390
390 391
390 468
390 495
390 520
391 145
391 213
391 307
391 391
391 466
391 526
392 124
392 147
392 163
392 391
392 392
393 392
393 475
393 518
393 525
394 165
394 392
394 525
395 126
395 339
395 393
395 459
395 516
396 294
396 305
396 393
396 394
396 456
396 523
397 152
397 329
397 394
397 454
397 515
398 153
398 154
398 164
398 171
398 172
398 394
398 451
398 513
398 521
399 129
399 171
399 394
399 395
399 449
399 521
400 130
400 447
400 519
401 169
401 177
401 307
401 342
401 395
401 444
402 342
402 366
403 133
403 181
403 307
403 342
403 383
403 396
403 480
404 383
404 457
404 505
405 165
405 307
405 383
406 179
406 315
407 180
407 307
407 314
407 398
407 516
408 169
408 182
408 498
408 504
409 306
410 182
410 383
410 492
411 306
412 489
413 353
413 484
414 315
414 344
414 379
414 482
415 479
416 258
416 342
417 312
418 305
418 342
418 384
419 380
420 305
421 305
422 264
422 305
424 263
424 300
426 343
426 381
428 257
428 262
428 304
428 382
429 304
430 262
430 304
431 262
431 289
431 304
432 262
432 344
432 388
433 344
434 255
434 344
435 255
435 261
435 388
436 300
436 303
436 307
436 388
437 384
438 303
438 384
439 303
439 342
439 345
440 345
441 345
441 349
442 303
442 345
442 427
443 254
443 287
444 254
444 299
444 302
445 302
446 376
447 346
448 302
448 346
448 424
449 286
449 302
449 386
449 427
450 253
450 286
450 387
451 253
451 301
451 349
452 387
453 285
453 301
453 402
454 257
454 347
455 257
455 301
455 347
455 429
456 301
456 347
457 297
458 257
458 404
459 256
459 389
460 299
460 300
461 256
461 296
462 300
462 429
463 362
463 390
464 255
464 300
464 348
465 254
465 300
465 430
466 426
467 299
467 430
468 396
469 254
469 299
469 349
469 430
470 299
470 349
471 254
471 349
473 250
473 299
475 296
475 350
475 393
475 434
476 253
476 298
476 350
477 298
478 352
478 393
478 432
479 281
479 394
480 351
480 365
480 432
481 252
481 433
482 297
483 248
483 297
483 351
483 395
484 294
484 297
484 351
485 297
486 297
486 304
486 400
486 433
489 296
489 352
490 296
490 367
491 296
491 352
491 357
492 296
492 352
492 397
492 435
493 291
493 296
494 248
494 249
494 397
494 437
495 295
495 353
495 397
495 438
496 248
496 295
496 303
496 353
496 398
496 406
497 295
498 295
498 353
499 279
499 353
499 358
500 295
500 369
500 399
501 247
501 303
502 354
503 277
503 294
503 354
504 294
504 404
505 294
506 246
506 354
506 400
507 289
509 355
510 293
510 302
510 355
510 371
510 401
511 246
511 293
512 293
512 359
512 361
513 224
513 245
513 293
513 356
514 254
514 275
514 356
514 402
515 356
515 372
516 292
516 356
519 292
519 356
520 274
520 286
520 291
520 292
521 394
522 357
523 291
523 349
523 357
524 291
525 291
525 374
526 291
526 358
527 358
528 358
529 290
529 358
530 272
531 290
532 290
