17 471
18 470
19 470
20 469
20 470
20 471
21 468
21 469
21 470
21 471
22 467
22 468
22 469
23 467
23 468
23 469
23 470
23 471
23 472
23 473
23 485
24 466
24 468
24 469
24 470
24 471
24 473
24 474
24 475
24 476
24 478
24 479
24 480
24 481
24 483
25 465
25 466
25 467
25 468
25 470
25 471
25 472
25 473
25 475
25 476
25 477
25 478
25 480
25 481
26 465
26 466
26 467
26 468
26 469
26 470
26 472
26 473
26 474
26 475
26 477
26 478
26 479
27 464
27 465
27 466
27 467
27 468
27 469
27 470
27 471
27 472
27 473
27 474
27 475
27 476
28 463
28 464
28 465
28 466
28 468
28 469
28 470
28 471
28 472
28 473
28 474
29 463
29 464
29 465
29 466
29 467
29 468
29 469
29 470
29 471
30 463
30 464
30 465
30 466
30 467
30 469
31 461
31 462
31 463
31 466
32 461
32 462
32 463
32 652
33 460
34 651
35 650
38 648
39 648
40 647
41 646
42 646
44 645
45 644
46 643
46 644
49 642
50 641
51 640
52 640
54 639
55 638
56 637
56 643
57 637
58 636
59 635
60 634
60 635
61 634
62 633
62 634
62 638
63 633
63 637
64 632
64 636
65 631
65 635
65 636
66 630
66 631
66 635
67 630
67 634
68 630
68 633
69 628
69 630
69 631
69 632
70 628
70 630
70 631
71 627
71 628
71 630
71 631
72 626
72 628
72 629
73 626
73 627
73 628
73 629
74 625
74 626
74 627
75 624
75 625
75 626
75 627
76 623
76 625
76 626
77 623
77 624
77 625
77 626
78 622
78 623
78 624
78 625
79 622
79 623
79 624
80 594
80 620
80 621
80 623
81 593
81 620
81 621
81 622
82 619
82 621
83 619
83 620
83 621
84 619
84 620
84 635
85 617
85 618
85 619
85 640
86 589
86 613
86 617
86 618
86 639
87 615
87 616
87 617
87 638
88 614
88 637
89 607
89 613
89 636
91 585
91 609
91 634
92 611
93 610
93 632
94 603
94 631
95 630
96 581
96 608
96 629
97 607
97 623
97 627
97 628
98 622
98 626
98 627
99 621
99 625
99 626
100 605
100 624
100 625
101 604
101 623
101 624
102 604
102 622
102 623
103 603
103 621
103 622
104 574
104 620
104 621
105 620
106 572
106 597
106 618
107 571
107 596
107 617
108 570
108 616
108 617
109 615
109 616
110 614
110 615
111 614
112 588
112 612
112 613
113 611
114 610
114 611
115 610
116 609
116 610
117 608
117 609
118 582
118 607
118 608
119 606
119 607
120 604
120 605
121 603
121 605
122 557
122 602
122 603
122 604
123 583
123 601
123 602
124 555
124 601
125 600
125 601
126 589
126 599
126 600
127 598
127 599
128 597
128 598
129 596
130 595
130 596
131 594
131 595
132 593
132 594
133 583
133 592
134 591
134 592
135 590
135 591
136 589
136 590
137 541
137 588
137 589
138 540
138 588
139 586
139 587
140 585
140 586
141 537
141 584
141 585
142 536
142 583
142 584
143 582
143 583
144 559
144 581
144 582
145 580
146 579
147 578
147 579
148 529
148 577
148 578
149 528
149 576
150 527
150 575
150 576
151 574
151 575
152 573
152 574
153 572
153 573
154 571
154 572
155 570
155 571
156 520
156 569
156 570
157 568
157 569
158 567
158 568
159 566
159 567
160 565
160 566
161 514
161 564
161 565
162 513
162 563
163 563
164 561
164 562
165 560
165 561
166 508
166 559
166 560
167 507
167 558
167 559
168 506
168 557
168 558
169 556
170 555
170 556
171 554
172 501
172 553
172 554
173 553
174 551
174 552
175 497
175 550
175 551
176 549
176 550
177 495
177 549
178 547
178 548
179 546
179 547
180 491
180 545
180 546
181 490
181 544
181 545
182 532
182 543
183 542
183 543
184 486
184 530
185 485
185 540
187 482
187 538
188 537
189 536
190 535
191 534
192 476
192 533
193 532
194 473
194 531
195 472
195 530
196 529
197 528
198 468
198 527
199 467
199 503
199 526
200 525
201 464
201 524
202 523
203 522
204 460
204 521
205 520
206 519
207 456
207 518
208 455
208 517
209 492
209 516
210 452
210 515
211 451
211 514
212 513
213 448
213 512
214 447
214 511
215 510
216 444
216 509
217 443
217 483
217 508
218 507
219 506
220 439
220 505
221 504
222 436
222 503
223 502
224 501
225 432
225 500
226 431
227 429
228 428
228 497
229 496
230 495
231 424
232 422
232 493
232 494
233 492
233 493
234 491
234 492
235 418
235 462
235 490
236 489
236 490
237 415
237 488
237 489
238 487
238 488
239 487
240 411
240 486
241 410
241 484
241 485
242 408
242 483
242 484
243 473
243 482
243 483
244 405
244 451
244 472
244 481
244 482
245 404
245 471
245 480
245 481
246 470
246 479
246 480
247 469
247 478
248 446
248 477
248 478
249 236
249 398
249 477
250 231
250 232
250 234
250 235
250 236
250 237
250 238
250 240
250 397
250 475
250 476
251 226
251 227
251 228
251 229
251 252
251 474
251 475
251 476
252 221
252 248
252 394
252 441
252 473
252 474
252 475
253 244
253 392
253 472
253 473
253 474
254 239
254 240
254 472
255 389
255 471
255 472
256 388
256 470
256 471
257 386
257 470
258 385
258 468
258 469
259 432
259 467
259 468
259 719
260 382
260 466
260 467
260 719
261 465
261 466
261 719
262 379
262 464
262 465
262 466
262 718
262 719
263 377
263 463
263 464
263 465
263 718
263 719
264 375
264 452
264 463
264 464
264 719
265 424
265 463
265 718
265 719
266 372
266 450
266 461
266 462
266 717
266 718
266 719
267 371
267 460
267 461
267 717
267 718
267 719
268 420
268 459
268 460
268 717
268 718
268 719
269 367
269 368
269 416
269 458
269 459
269 717
269 718
269 719
270 366
270 457
270 716
270 717
270 718
270 719
271 364
271 456
271 457
271 458
271 716
271 717
271 719
272 362
272 363
272 455
272 456
272 457
272 716
272 717
272 718
272 719
273 361
273 454
273 455
273 456
273 716
273 717
273 718
273 719
274 453
274 454
274 455
274 715
274 716
274 717
274 718
274 719
275 357
275 358
275 454
275 715
275 716
275 717
275 719
276 356
276 409
276 453
276 715
276 716
276 717
276 718
276 719
277 354
277 451
277 452
277 453
277 715
277 716
277 717
277 718
278 352
278 450
278 451
278 714
278 715
278 716
278 717
278 718
278 719
279 350
279 449
279 450
279 451
279 714
279 715
279 716
279 717
279 718
279 719
280 245
280 247
280 248
280 271
280 349
280 448
280 449
280 450
280 714
280 715
280 716
280 717
280 718
280 719
281 246
281 247
281 248
281 347
281 447
281 448
281 449
281 714
281 715
281 716
281 717
281 719
282 245
282 246
282 247
282 268
282 271
282 448
282 714
282 715
282 716
282 717
282 718
282 719
283 211
283 212
283 214
283 215
283 216
283 217
283 218
283 219
283 221
283 244
283 245
283 246
283 343
283 446
283 447
283 448
283 713
283 714
283 715
283 716
283 717
283 718
284 198
284 199
284 200
284 201
284 202
284 203
284 204
284 205
284 206
284 207
284 208
284 209
284 210
284 212
284 213
284 214
284 215
284 216
284 217
284 219
284 220
284 221
284 223
284 224
284 225
284 242
284 244
284 267
284 341
284 342
284 445
284 446
284 447
284 713
284 714
284 715
284 716
284 717
284 718
284 719
285 174
285 175
285 176
285 177
285 178
285 179
285 180
285 181
285 182
285 183
285 184
285 185
285 186
285 187
285 188
285 189
285 190
285 191
285 192
285 193
285 195
285 196
285 197
285 199
285 201
285 202
285 204
285 205
285 206
285 208
285 209
285 210
285 211
285 213
285 214
285 215
285 216
285 217
285 218
285 219
285 220
285 221
285 222
285 223
285 224
285 225
285 226
285 241
285 243
285 263
285 265
285 339
285 340
285 396
285 444
285 446
285 713
285 714
285 715
285 716
285 717
285 718
286 195
286 196
286 197
286 198
286 199
286 200
286 201
286 202
286 203
286 205
286 206
286 207
286 209
286 210
286 211
286 213
286 214
286 215
286 216
286 217
286 219
286 220
286 221
286 222
286 223
286 224
286 227
286 239
286 241
286 242
286 337
286 338
286 443
286 444
286 445
286 713
286 714
286 715
286 717
286 718
287 202
287 203
287 204
287 207
287 208
287 209
287 210
287 211
287 212
287 214
287 215
287 216
287 217
287 218
287 219
287 220
287 221
287 222
287 223
287 224
287 225
287 226
287 227
287 237
287 239
287 240
287 336
287 442
287 444
287 712
287 713
287 714
287 715
287 716
287 717
287 718
288 205
288 206
288 208
288 209
288 210
288 213
288 214
288 215
288 216
288 217
288 218
288 219
288 220
288 221
288 222
288 223
288 224
288 225
288 226
288 236
288 238
288 334
288 442
288 443
288 444
288 712
288 713
288 715
288 717
289 206
289 208
289 209
289 210
289 211
289 212
289 213
289 214
289 215
289 216
289 217
289 218
289 219
289 220
289 221
289 222
289 224
289 225
289 233
289 235
289 257
289 332
289 441
289 442
289 443
289 712
289 713
289 714
289 715
289 716
289 717
290 207
290 208
290 209
290 211
290 212
290 213
290 214
290 215
290 216
290 218
290 219
290 220
290 221
290 222
290 223
290 231
290 233
290 255
290 330
290 441
290 442
290 712
290 713
290 714
290 715
290 716
290 717
291 206
291 208
291 209
291 210
291 211
291 212
291 213
291 214
291 215
291 216
291 217
291 218
291 220
291 221
291 222
291 227
291 229
291 253
291 327
291 440
291 441
291 704
291 707
291 712
291 713
291 714
291 715
291 716
291 719
292 205
292 207
292 208
292 210
292 211
292 212
292 213
292 214
292 216
292 217
292 219
292 220
292 222
292 224
292 226
292 230
292 251
292 325
292 326
292 438
292 439
292 440
292 711
292 712
292 713
292 714
292 715
292 716
292 719
293 205
293 206
293 207
293 208
293 209
293 210
293 211
293 212
293 213
293 214
293 215
293 216
293 217
293 218
293 220
293 323
293 324
293 384
293 438
293 439
293 440
293 711
293 712
293 713
293 714
293 715
293 716
293 719
294 202
294 203
294 204
294 205
294 208
294 209
294 211
294 212
294 213
294 214
294 215
294 216
294 246
294 321
294 322
294 437
294 438
294 439
294 711
294 712
294 713
294 714
294 715
294 718
294 719
295 201
295 202
295 204
295 205
295 207
295 208
295 210
295 211
295 212
295 213
295 319
295 381
295 436
295 437
295 438
295 711
295 712
295 713
295 714
295 715
295 718
295 719
296 199
296 200
296 201
296 202
296 203
296 204
296 205
296 206
296 208
296 209
296 210
296 211
296 241
296 435
296 436
296 437
296 710
296 711
296 712
296 713
296 714
296 718
296 719
297 195
297 196
297 197
297 199
297 200
297 202
297 203
297 205
297 206
297 238
297 315
297 434
297 435
297 436
297 437
297 710
297 711
297 712
297 713
297 714
297 718
297 719
298 192
298 194
298 195
298 196
298 197
298 198
298 200
298 201
298 202
298 203
298 204
298 205
298 312
298 313
298 434
298 435
298 436
298 710
298 711
298 712
298 713
298 714
298 717
298 718
298 719
299 188
299 190
299 192
299 193
299 195
299 196
299 198
299 199
299 201
299 202
299 310
299 433
299 434
299 435
299 710
299 711
299 712
299 713
299 714
299 717
299 718
299 719
300 184
300 185
300 186
300 187
300 188
300 190
300 191
300 193
300 194
300 196
300 197
300 198
300 307
300 308
300 434
300 710
300 711
300 712
300 713
300 717
300 718
300 719
301 179
301 180
301 182
301 183
301 184
301 185
301 186
301 187
301 188
301 189
301 190
301 192
301 193
301 194
301 305
301 431
301 433
301 434
301 710
301 711
301 712
301 713
301 716
301 717
301 718
301 719
302 177
302 178
302 179
302 180
302 181
302 182
302 184
302 185
302 186
302 187
302 188
302 189
302 431
302 432
302 433
302 709
302 710
302 711
302 712
302 716
302 717
302 718
302 719
303 220
303 300
303 430
303 431
303 432
303 709
303 710
303 711
303 712
303 716
303 717
303 718
303 719
304 216
304 298
304 429
304 430
304 709
304 710
304 711
304 712
304 716
304 717
304 718
304 719
305 295
305 365
305 428
305 430
305 431
305 709
305 710
305 711
305 712
305 715
305 716
305 717
305 719
306 293
306 429
306 430
306 709
306 710
306 711
306 712
306 715
306 716
306 717
306 718
306 719
307 289
307 427
307 429
307 708
307 709
307 710
307 711
307 715
307 716
307 717
307 718
307 719
308 286
308 287
308 426
308 427
308 428
308 708
308 709
308 710
308 711
308 716
308 717
308 718
308 719
309 284
309 287
309 425
309 426
309 427
309 428
309 708
309 709
309 710
309 711
309 714
309 715
309 716
309 718
309 719
310 280
310 281
310 425
310 426
310 427
310 708
310 709
310 710
310 714
310 715
310 716
310 717
310 718
310 719
311 277
311 424
311 425
311 426
311 708
311 709
311 710
311 714
311 715
311 716
311 717
311 718
311 719
312 274
312 275
312 353
312 423
312 424
312 425
312 426
312 707
312 709
312 710
312 713
312 714
312 715
312 716
312 717
312 718
312 719
313 271
313 422
313 423
313 424
313 425
313 707
313 708
313 710
313 713
313 714
313 715
313 716
313 717
313 718
313 719
314 267
314 268
314 422
314 423
314 424
314 707
314 708
314 709
314 713
314 714
314 715
314 716
314 717
314 718
314 719
315 250
315 262
315 263
315 264
315 421
315 422
315 423
315 424
315 707
315 708
315 709
315 713
315 714
315 715
315 716
315 717
315 718
315 719
316 346
316 420
316 421
316 422
316 423
316 707
316 708
316 712
316 713
316 714
316 715
316 716
316 717
316 718
316 719
317 344
317 420
317 421
317 422
317 707
317 708
317 712
317 713
317 714
317 716
317 717
317 718
317 719
318 419
318 421
318 422
318 706
318 707
318 708
318 714
318 715
318 716
318 717
318 718
318 719
319 418
319 419
319 421
319 706
319 707
319 708
319 712
319 713
319 714
319 715
319 716
319 717
319 718
319 719
320 418
320 419
320 420
320 706
320 707
320 708
320 711
320 712
320 713
320 714
320 715
320 716
320 717
320 718
320 719
321 417
321 418
321 419
321 420
321 706
321 707
321 708
321 711
321 713
321 714
321 715
321 716
321 717
321 718
321 719
322 416
322 417
322 418
322 419
322 706
322 707
322 711
322 713
322 714
322 715
322 716
322 717
322 718
322 719
323 333
323 418
323 706
323 707
323 711
323 712
323 713
323 714
323 715
323 716
323 717
323 718
323 719
324 331
324 415
324 416
324 417
324 418
324 705
324 706
324 711
324 712
324 713
324 715
324 716
324 717
324 718
324 719
325 329
325 384
325 414
325 415
325 416
325 417
325 705
325 706
325 710
325 712
325 713
325 714
325 715
325 716
325 717
325 718
325 719
326 327
326 414
326 415
326 416
326 705
326 706
326 710
326 711
326 712
326 713
326 714
326 715
326 716
326 717
326 718
326 719
327 325
327 413
327 414
327 416
327 705
327 706
327 710
327 712
327 713
327 714
327 715
327 716
327 717
327 718
327 719
328 323
328 412
328 413
328 414
328 415
328 706
328 710
328 711
328 712
328 715
328 716
328 717
328 718
328 719
329 321
329 412
329 413
329 414
329 415
329 705
329 709
329 710
329 711
329 712
329 713
329 714
329 716
329 717
329 718
329 719
330 319
330 411
330 412
330 413
330 705
330 709
330 710
330 711
330 712
330 713
330 714
330 715
330 716
330 717
330 718
330 719
331 310
331 317
331 390
331 410
331 411
331 412
331 413
331 704
331 705
331 709
331 710
331 711
331 712
331 713
331 714
331 715
331 716
331 717
331 718
331 719
332 411
332 412
332 413
332 704
332 705
332 709
332 710
332 711
332 712
332 713
332 714
332 715
332 716
332 717
332 718
332 719
333 305
333 313
333 409
333 410
333 411
333 412
333 704
333 708
333 709
333 710
333 711
333 712
333 713
333 714
333 715
333 716
333 717
333 718
333 719
334 303
334 408
334 409
334 410
334 411
334 704
334 708
334 709
334 710
334 712
334 713
334 714
334 715
334 716
334 717
334 718
334 719
335 408
335 409
335 410
335 411
335 704
335 708
335 709
335 710
335 711
335 712
335 713
335 714
335 715
335 716
335 717
335 718
335 719
336 298
336 407
336 408
336 409
336 410
336 708
336 709
336 710
336 711
336 712
336 713
336 714
336 715
336 716
336 717
336 718
336 719
337 296
337 385
337 406
337 408
337 409
337 410
337 704
337 708
337 709
337 710
337 712
337 713
337 714
337 715
337 716
337 717
337 718
337 719
338 302
338 374
338 406
338 407
338 408
338 409
338 703
338 707
338 708
338 709
338 712
338 713
338 714
338 715
338 716
338 717
338 718
338 719
339 290
339 300
339 405
339 406
339 407
339 408
339 707
339 708
339 709
339 710
339 711
339 712
339 713
339 714
339 715
339 716
339 717
339 718
339 719
340 405
340 406
340 407
340 408
340 707
340 708
340 709
340 710
340 711
340 712
340 713
340 714
340 715
340 716
340 717
340 718
340 719
341 371
341 381
341 405
341 406
341 407
341 707
341 708
341 709
341 710
341 712
341 713
341 714
341 715
341 716
341 717
341 718
342 282
342 293
342 403
342 404
342 405
342 406
342 407
342 707
342 708
342 709
342 710
342 711
342 712
342 713
342 714
342 715
342 716
342 717
342 718
343 279
343 370
343 403
343 404
343 405
343 406
343 706
343 707
343 708
343 709
343 710
343 711
343 712
343 713
343 714
343 715
343 716
343 717
343 718
344 276
344 402
344 403
344 404
344 405
344 406
344 707
344 708
344 709
344 710
344 711
344 712
344 713
344 714
344 715
344 716
344 717
344 718
345 286
345 369
345 402
345 404
345 706
345 707
345 708
345 709
345 711
345 713
345 714
345 715
345 716
345 717
345 718
346 270
346 401
346 402
346 403
346 404
346 405
346 706
346 707
346 708
346 709
346 710
346 711
346 712
346 713
346 714
346 715
346 716
346 717
347 281
347 401
347 402
347 403
347 404
347 706
347 707
347 708
347 709
347 710
347 711
347 712
347 713
347 714
347 715
347 716
347 717
348 264
348 279
348 369
348 375
348 400
348 401
348 402
348 403
348 707
348 708
348 709
348 710
348 711
348 712
348 713
348 714
348 715
348 716
348 717
349 276
349 399
349 400
349 401
349 402
349 403
349 705
349 706
349 707
349 708
349 709
349 710
349 711
349 712
349 713
349 714
349 715
349 717
350 274
350 399
350 400
350 401
350 402
350 705
350 706
350 707
350 708
350 709
350 710
350 711
350 712
350 713
350 714
350 715
350 717
351 271
351 372
351 398
351 400
351 401
351 402
351 705
351 706
351 707
351 708
351 710
351 711
351 712
351 713
351 714
351 715
351 716
352 268
352 398
352 399
352 400
352 401
352 704
352 705
352 706
352 707
352 708
352 709
352 711
352 712
352 713
352 714
352 715
352 716
353 398
353 399
353 400
353 401
353 704
353 705
353 706
353 707
353 708
353 709
353 710
353 711
353 712
353 713
353 714
353 716
354 263
354 267
354 317
354 363
354 370
354 397
354 399
354 400
354 704
354 705
354 706
354 707
354 708
354 709
354 710
354 711
354 712
354 713
354 714
354 715
354 716
355 264
355 315
355 316
355 396
355 397
355 398
355 399
355 400
355 704
355 705
355 706
355 707
355 708
355 709
355 710
355 711
355 712
355 713
355 714
355 715
355 716
356 307
356 309
356 312
356 313
356 361
356 367
356 395
356 396
356 397
356 398
356 399
356 704
356 705
356 706
356 707
356 708
356 709
356 710
356 711
356 712
356 713
356 714
356 715
357 309
357 310
357 314
357 395
357 396
357 397
357 398
357 399
357 704
357 705
357 706
357 707
357 708
357 709
357 710
357 711
357 712
357 713
357 714
357 715
358 307
358 359
358 394
358 395
358 396
358 397
358 398
358 703
358 704
358 705
358 706
358 707
358 708
358 709
358 710
358 711
358 712
358 713
358 714
358 715
359 308
359 365
359 394
359 395
359 396
359 703
359 704
359 705
359 706
359 707
359 708
359 709
359 710
359 711
359 712
359 713
359 714
359 715
360 301
360 302
360 358
360 359
360 363
360 393
360 394
360 395
360 396
360 397
360 703
360 704
360 705
360 706
360 707
360 708
360 709
360 710
360 711
360 712
360 713
360 714
360 715
361 299
361 361
361 363
361 393
361 394
361 395
361 396
361 703
361 704
361 705
361 706
361 707
361 708
361 709
361 710
361 711
361 712
361 713
361 714
362 296
362 297
362 357
362 361
362 392
362 393
362 394
362 395
362 396
362 703
362 704
362 705
362 706
362 707
362 708
362 709
362 710
362 711
362 712
362 713
362 714
363 294
363 361
363 392
363 393
363 394
363 395
363 396
363 702
363 703
363 704
363 705
363 706
363 707
363 708
363 709
363 710
363 711
363 712
363 713
363 714
364 291
364 292
364 359
364 392
364 393
364 394
364 395
364 702
364 703
364 704
364 705
364 706
364 707
364 708
364 709
364 710
364 711
364 712
364 713
364 714
365 289
365 356
365 391
365 392
365 393
365 395
365 702
365 703
365 704
365 705
365 706
365 707
365 708
365 709
365 710
365 711
365 712
365 713
365 714
366 286
366 287
366 289
366 390
366 391
366 392
366 393
366 394
366 702
366 703
366 704
366 705
366 706
366 707
366 708
366 709
366 710
366 711
366 712
366 713
366 714
367 353
367 390
367 391
367 392
367 393
367 702
367 703
367 704
367 705
367 706
367 707
367 708
367 709
367 710
367 711
367 713
368 281
368 354
368 390
368 391
368 392
368 393
368 702
368 703
368 704
368 705
368 706
368 707
368 708
368 709
368 710
368 711
368 712
368 713
369 304
369 354
369 389
369 391
369 392
369 393
369 701
369 702
369 703
369 704
369 705
369 706
369 707
369 708
369 709
369 710
369 712
369 713
370 354
370 389
370 390
370 391
370 392
370 701
370 702
370 704
370 705
370 706
370 707
370 708
370 709
370 710
370 711
370 712
370 713
371 274
371 294
371 388
371 389
371 390
371 391
371 392
371 701
371 702
371 703
371 704
371 705
371 706
371 707
371 708
371 709
371 710
371 711
371 712
371 713
372 271
372 273
372 291
372 387
372 389
372 390
372 391
372 392
372 701
372 702
372 703
372 704
372 705
372 706
372 707
372 708
372 709
372 710
372 711
372 712
372 713
373 268
373 387
373 388
373 389
373 390
373 391
373 701
373 702
373 703
373 704
373 705
373 706
373 708
373 709
373 710
373 711
373 712
374 266
374 386
374 387
374 389
374 390
374 391
374 700
374 701
374 702
374 703
374 704
374 705
374 706
374 707
374 708
374 709
374 710
374 711
375 263
375 265
375 386
375 387
375 388
375 389
375 700
375 701
375 702
375 703
375 704
375 705
375 706
375 707
375 708
375 709
375 710
375 712
376 385
376 386
376 387
376 388
376 389
376 390
376 700
376 701
376 702
376 703
376 704
376 705
376 706
376 707
376 709
376 710
376 711
376 712
377 258
377 385
377 387
377 388
377 389
377 700
377 701
377 702
377 703
377 704
377 705
377 706
377 707
377 708
377 709
377 710
377 711
378 255
378 384
378 386
378 387
378 388
378 389
378 700
378 701
378 702
378 703
378 704
378 705
378 706
378 707
378 708
378 709
378 710
378 711
378 712
379 252
379 384
379 385
379 386
379 387
379 388
379 389
379 700
379 701
379 702
379 703
379 704
379 705
379 706
379 707
379 708
379 709
379 710
379 711
380 249
380 276
380 292
380 293
380 294
380 295
380 296
380 297
380 383
380 384
380 385
380 386
380 387
380 388
380 699
380 700
380 701
380 702
380 703
380 704
380 705
380 706
380 707
380 708
380 709
380 710
381 288
381 289
381 291
381 292
381 294
381 295
381 296
381 297
381 298
381 299
381 300
381 339
381 383
381 384
381 385
381 386
381 387
381 388
381 699
381 700
381 701
381 702
381 703
381 704
381 705
381 706
381 707
381 708
381 709
381 710
382 243
382 284
382 285
382 286
382 287
382 288
382 289
382 290
382 291
382 292
382 293
382 294
382 295
382 296
382 297
382 298
382 299
382 382
382 383
382 384
382 385
382 386
382 387
382 699
382 700
382 701
382 703
382 704
382 705
382 706
382 707
382 708
382 709
382 710
382 711
383 240
383 242
383 281
383 284
383 286
383 287
383 298
383 299
383 382
383 383
383 384
383 385
383 386
383 387
383 699
383 700
383 701
383 702
383 703
383 705
383 706
383 707
383 708
383 709
383 710
383 711
384 237
384 239
384 279
384 280
384 281
384 282
384 283
384 285
384 286
384 347
384 382
384 383
384 384
384 385
384 699
384 700
384 702
384 703
384 704
384 705
384 706
384 707
384 708
384 709
384 710
384 711
385 236
385 278
385 279
385 281
385 282
385 283
385 284
385 337
385 383
385 384
385 385
385 386
385 699
385 700
385 701
385 702
385 703
385 704
385 705
385 706
385 707
385 708
385 709
385 710
386 275
386 276
386 278
386 279
386 280
386 282
386 337
386 381
386 382
386 383
386 384
386 385
386 699
386 700
386 701
386 702
386 703
386 704
386 705
386 706
386 707
386 709
386 710
387 273
387 274
387 275
387 276
387 277
387 278
387 279
387 280
387 281
387 337
387 380
387 381
387 382
387 383
387 384
387 385
387 698
387 699
387 700
387 701
387 702
387 703
387 704
387 705
387 706
387 707
387 708
387 709
387 710
388 274
388 275
388 277
388 278
388 380
388 381
388 382
388 383
388 384
388 385
388 698
388 700
388 701
388 702
388 703
388 704
388 705
388 706
388 707
388 708
388 709
388 710
389 272
389 273
389 274
389 275
389 276
389 277
389 278
389 279
389 378
389 379
389 382
389 383
389 384
389 698
389 699
389 700
389 701
389 702
389 703
389 704
389 705
389 706
389 707
389 708
389 709
389 710
390 267
390 268
390 269
390 270
390 271
390 272
390 273
390 274
390 275
390 276
390 277
390 278
390 279
390 280
390 281
390 336
390 338
390 341
390 379
390 380
390 381
390 382
390 383
390 698
390 699
390 700
390 701
390 702
390 703
390 704
390 705
390 706
390 707
390 708
390 709
390 710
391 262
391 263
391 264
391 265
391 266
391 267
391 268
391 269
391 270
391 271
391 272
391 273
391 274
391 276
391 277
391 278
391 279
391 280
391 281
391 282
391 339
391 342
391 379
391 380
391 381
391 382
391 383
391 698
391 699
391 700
391 701
391 702
391 703
391 704
391 705
391 706
391 707
391 708
391 709
391 710
392 258
392 259
392 260
392 261
392 262
392 263
392 264
392 265
392 267
392 268
392 269
392 270
392 271
392 272
392 274
392 275
392 276
392 277
392 278
392 279
392 280
392 281
392 282
392 283
392 287
392 335
392 378
392 379
392 380
392 381
392 382
392 383
392 698
392 700
392 701
392 702
392 703
392 704
392 705
392 706
392 707
392 708
392 709
393 254
393 255
393 256
393 257
393 259
393 260
393 261
393 262
393 263
393 265
393 266
393 267
393 268
393 269
393 270
393 271
393 272
393 273
393 274
393 275
393 276
393 277
393 278
393 279
393 280
393 281
393 282
393 283
393 284
393 339
393 378
393 379
393 380
393 382
393 383
393 698
393 699
393 701
393 702
393 703
393 704
393 705
393 706
393 707
393 708
393 709
394 251
394 252
394 254
394 255
394 256
394 257
394 258
394 259
394 260
394 261
394 262
394 263
394 264
394 266
394 267
394 268
394 269
394 270
394 271
394 272
394 273
394 274
394 275
394 276
394 277
394 278
394 279
394 280
394 281
394 282
394 283
394 284
394 337
394 377
394 378
394 379
394 380
394 381
394 382
394 698
394 699
394 700
394 701
394 702
394 703
394 704
394 705
394 706
394 707
394 708
395 247
395 248
395 249
395 250
395 251
395 252
395 253
395 254
395 255
395 256
395 258
395 259
395 260
395 261
395 262
395 263
395 264
395 265
395 266
395 267
395 268
395 269
395 270
395 271
395 272
395 273
395 274
395 275
395 276
395 277
395 278
395 279
395 280
395 281
395 282
395 283
395 284
395 333
395 377
395 378
395 379
395 380
395 381
395 382
395 698
395 699
395 700
395 701
395 702
395 703
395 704
395 705
395 706
395 707
395 708
395 709
396 244
396 245
396 246
396 247
396 248
396 249
396 250
396 251
396 254
396 255
396 256
396 257
396 258
396 261
396 262
396 263
396 264
396 265
396 266
396 268
396 269
396 270
396 271
396 272
396 273
396 275
396 276
396 277
396 278
396 279
396 280
396 282
396 283
396 284
396 330
396 337
396 375
396 376
396 377
396 378
396 379
396 380
396 381
396 382
396 698
396 699
396 700
396 702
396 703
396 704
396 705
396 706
396 707
396 708
396 709
397 240
397 241
397 242
397 243
397 244
397 245
397 246
397 247
397 248
397 249
397 250
397 251
397 252
397 253
397 255
397 256
397 257
397 258
397 259
397 261
397 262
397 263
397 264
397 265
397 266
397 267
397 268
397 269
397 270
397 271
397 272
397 273
397 274
397 275
397 276
397 277
397 278
397 279
397 280
397 281
397 282
397 283
397 284
397 332
397 335
397 375
397 378
397 379
397 380
397 381
397 698
397 699
397 700
397 701
397 702
397 703
397 704
397 705
397 706
397 707
397 708
398 237
398 238
398 240
398 241
398 242
398 243
398 244
398 247
398 248
398 249
398 250
398 251
398 252
398 253
398 254
398 255
398 256
398 258
398 259
398 260
398 261
398 262
398 263
398 264
398 265
398 266
398 267
398 268
398 269
398 270
398 271
398 272
398 273
398 274
398 275
398 276
398 277
398 278
398 279
398 280
398 281
398 282
398 283
398 284
398 376
398 377
398 378
398 379
398 380
398 381
398 697
398 698
398 700
398 701
398 702
398 703
398 704
398 705
398 706
398 707
398 708
398 709
399 233
399 234
399 235
399 236
399 237
399 238
399 240
399 241
399 242
399 243
399 245
399 246
399 247
399 248
399 249
399 250
399 251
399 252
399 253
399 254
399 255
399 256
399 257
399 258
399 259
399 260
399 261
399 262
399 263
399 264
399 265
399 266
399 267
399 268
399 269
399 270
399 271
399 272
399 273
399 275
399 276
399 277
399 278
399 279
399 280
399 281
399 283
399 284
399 375
399 376
399 377
399 378
399 379
399 380
399 697
399 698
399 699
399 700
399 701
399 702
399 703
399 704
399 705
399 706
399 707
399 708
400 231
400 232
400 233
400 234
400 236
400 237
400 238
400 239
400 240
400 241
400 242
400 243
400 244
400 245
400 246
400 247
400 248
400 249
400 250
400 251
400 252
400 253
400 254
400 255
400 256
400 257
400 258
400 259
400 260
400 261
400 262
400 263
400 264
400 265
400 266
400 267
400 269
400 270
400 271
400 272
400 273
400 274
400 275
400 276
400 277
400 278
400 279
400 280
400 281
400 282
400 283
400 284
400 330
400 375
400 376
400 377
400 378
400 379
400 380
400 697
400 698
400 699
400 700
400 701
400 703
400 704
400 705
400 706
400 707
400 708
401 228
401 229
401 230
401 231
401 232
401 233
401 234
401 235
401 237
401 238
401 239
401 240
401 242
401 243
401 244
401 245
401 246
401 247
401 248
401 249
401 250
401 251
401 252
401 253
401 254
401 255
401 256
401 257
401 259
401 260
401 261
401 262
401 263
401 264
401 265
401 266
401 267
401 268
401 269
401 270
401 272
401 273
401 274
401 275
401 276
401 277
401 278
401 280
401 281
401 282
401 283
401 284
401 374
401 375
401 376
401 377
401 378
401 379
401 380
401 697
401 698
401 699
401 700
401 701
401 702
401 703
401 704
401 705
401 706
401 707
401 708
402 223
402 224
402 225
402 226
402 227
402 228
402 229
402 230
402 231
402 233
402 234
402 235
402 236
402 237
402 238
402 239
402 240
402 241
402 243
402 244
402 245
402 246
402 247
402 251
402 252
402 253
402 254
402 255
402 256
402 257
402 258
402 259
402 260
402 261
402 263
402 264
402 265
402 266
402 267
402 268
402 269
402 270
402 271
402 272
402 274
402 275
402 276
402 277
402 278
402 279
402 280
402 281
402 282
402 283
402 284
402 366
402 374
402 375
402 376
402 377
402 378
402 379
402 697
402 698
402 699
402 700
402 701
402 702
402 703
402 704
402 705
402 707
402 708
403 221
403 222
403 223
403 224
403 225
403 226
403 227
403 228
403 229
403 230
403 231
403 232
403 234
403 235
403 236
403 237
403 238
403 239
403 240
403 241
403 242
403 244
403 245
403 246
403 247
403 248
403 249
403 250
403 251
403 252
403 253
403 256
403 257
403 258
403 259
403 260
403 262
403 263
403 264
403 265
403 266
403 267
403 269
403 270
403 271
403 272
403 273
403 275
403 276
403 277
403 278
403 279
403 280
403 281
403 282
403 283
403 374
403 375
403 376
403 377
403 378
403 379
403 697
403 698
403 699
403 700
403 701
403 702
403 703
403 704
403 705
403 706
403 707
403 708
404 218
404 219
404 221
404 222
404 223
404 224
404 225
404 226
404 227
404 228
404 229
404 230
404 231
404 232
404 234
404 235
404 236
404 237
404 239
404 240
404 241
404 242
404 243
404 260
404 261
404 262
404 263
404 264
404 265
404 266
404 267
404 268
404 269
404 271
404 272
404 273
404 274
404 275
404 276
404 277
404 278
404 279
404 280
404 281
404 282
404 373
404 374
404 375
404 376
404 377
404 378
404 379
404 697
404 698
404 699
404 700
404 701
404 702
404 703
404 704
404 705
404 706
404 707
404 708
405 217
405 218
405 219
405 221
405 222
405 223
405 224
405 225
405 226
405 227
405 228
405 230
405 231
405 232
405 233
405 234
405 235
405 236
405 237
405 238
405 262
405 263
405 264
405 265
405 266
405 267
405 268
405 269
405 270
405 271
405 272
405 273
405 274
405 275
405 276
405 277
405 278
405 279
405 280
405 282
405 373
405 374
405 375
405 377
405 378
405 379
405 697
405 698
405 699
405 700
405 701
405 702
405 703
405 704
405 705
405 706
405 708
406 216
406 217
406 218
406 220
406 221
406 222
406 223
406 224
406 225
406 226
406 227
406 229
406 230
406 231
406 232
406 233
406 263
406 264
406 265
406 266
406 267
406 268
406 270
406 271
406 272
406 273
406 274
406 275
406 276
406 277
406 278
406 279
406 280
406 281
406 371
406 372
406 373
406 374
406 375
406 376
406 377
406 697
406 698
406 699
406 700
406 701
406 702
406 703
406 704
406 705
406 706
406 707
407 216
407 217
407 219
407 220
407 221
407 222
407 224
407 225
407 226
407 227
407 229
407 264
407 266
407 267
407 268
407 269
407 270
407 271
407 272
407 273
407 274
407 275
407 277
407 278
407 279
407 280
407 372
407 373
407 374
407 375
407 376
407 377
407 378
407 697
407 698
407 699
407 700
407 701
407 702
407 703
407 704
407 705
407 706
407 707
408 214
408 215
408 216
408 217
408 218
408 219
408 220
408 221
408 222
408 223
408 224
408 225
408 265
408 267
408 268
408 269
408 270
408 271
408 272
408 273
408 274
408 275
408 276
408 277
408 278
408 279
408 372
408 373
408 374
408 375
408 376
408 377
408 697
408 698
408 699
408 700
408 701
408 702
408 704
408 705
408 706
408 707
409 213
409 214
409 215
409 216
409 218
409 219
409 220
409 265
409 266
409 267
409 268
409 269
409 270
409 271
409 272
409 273
409 274
409 275
409 276
409 277
409 278
409 371
409 372
409 373
409 374
409 375
409 377
409 697
409 698
409 699
409 700
409 701
409 702
409 703
409 704
409 705
409 706
409 707
410 212
410 213
410 214
410 215
410 216
410 265
410 266
410 267
410 268
410 269
410 270
410 271
410 273
410 274
410 275
410 276
410 277
410 278
410 371
410 372
410 374
410 375
410 376
410 697
410 698
410 699
410 700
410 701
410 702
410 703
410 704
410 705
410 706
410 707
411 211
411 212
411 213
411 266
411 267
411 268
411 269
411 270
411 271
411 272
411 274
411 275
411 276
411 277
411 362
411 370
411 371
411 372
411 373
411 374
411 375
411 376
411 697
411 698
411 699
411 701
411 702
411 703
411 704
411 705
411 706
411 707
412 210
412 266
412 267
412 268
412 269
412 270
412 271
412 272
412 273
412 274
412 275
412 276
412 370
412 371
412 372
412 373
412 374
412 375
412 376
412 697
412 698
412 699
412 700
412 701
412 702
412 703
412 704
412 705
412 706
412 707
413 266
413 267
413 268
413 269
413 270
413 271
413 273
413 274
413 275
413 370
413 372
413 373
413 374
413 375
413 697
413 698
413 700
413 701
413 702
413 703
413 704
413 705
413 706
413 707
414 266
414 267
414 268
414 270
414 271
414 273
414 274
414 275
414 369
414 370
414 371
414 372
414 373
414 375
414 697
414 698
414 699
414 700
414 701
414 702
414 703
414 704
414 705
414 706
415 266
415 267
415 268
415 269
415 270
415 271
415 272
415 273
415 274
415 369
415 370
415 372
415 373
415 374
415 375
415 697
415 698
415 699
415 700
415 701
415 702
415 703
415 704
415 705
415 706
416 265
416 266
416 267
416 268
416 269
416 270
416 271
416 272
416 273
416 369
416 370
416 371
416 373
416 375
416 697
416 698
416 699
416 700
416 701
416 702
416 703
416 704
416 705
416 706
417 265
417 266
417 267
417 268
417 269
417 270
417 272
417 368
417 369
417 370
417 371
417 372
417 373
417 374
417 375
417 697
417 698
417 699
417 700
417 701
417 702
417 703
417 704
417 705
417 706
418 265
418 266
418 267
418 268
418 269
418 270
418 271
418 368
418 369
418 370
418 371
418 372
418 373
418 374
418 697
418 698
418 699
418 700
418 701
418 702
418 703
418 706
419 265
419 266
419 267
419 271
419 368
419 369
419 370
419 371
419 372
419 373
419 374
419 697
419 698
419 699
419 700
419 701
419 702
419 703
419 704
419 705
419 706
420 265
420 266
420 267
420 268
420 269
420 270
420 366
420 369
420 370
420 371
420 372
420 373
420 374
420 697
420 698
420 699
420 700
420 701
420 702
420 704
420 705
420 706
421 264
421 265
421 266
421 267
421 268
421 269
421 367
421 368
421 369
421 370
421 371
421 372
421 373
421 697
421 698
421 699
421 700
421 701
421 702
421 703
421 704
421 705
421 706
422 264
422 265
422 266
422 267
422 268
422 367
422 368
422 369
422 370
422 371
422 372
422 373
422 697
422 698
422 699
422 700
422 701
422 702
422 703
422 704
422 705
423 264
423 265
423 266
423 267
423 268
423 365
423 366
423 367
423 368
423 371
423 372
423 373
423 697
423 698
423 699
423 700
423 701
423 704
423 705
424 263
424 264
424 265
424 266
424 267
424 366
424 367
424 368
424 369
424 370
424 371
424 372
424 697
424 698
424 699
424 700
424 701
424 702
424 703
424 704
424 705
425 263
425 264
425 265
425 266
425 366
425 367
425 368
425 369
425 370
425 371
425 697
425 698
425 699
425 700
425 701
425 702
425 703
425 704
425 705
426 263
426 264
426 265
426 364
426 365
426 366
426 367
426 368
426 369
426 370
426 371
426 372
426 697
426 698
426 699
426 701
426 702
426 703
426 704
426 705
427 262
427 263
427 264
427 265
427 365
427 366
427 367
427 369
427 370
427 371
427 372
427 696
427 698
427 699
427 700
427 701
427 702
427 703
427 704
427 705
428 262
428 263
428 264
428 365
428 366
428 367
428 368
428 370
428 371
428 696
428 697
428 698
428 699
428 700
428 701
428 702
428 703
428 704
428 705
429 262
429 263
429 365
429 366
429 367
429 368
429 369
429 370
429 371
429 696
429 697
429 698
429 699
429 701
429 702
429 703
429 704
429 705
430 261
430 262
430 364
430 366
430 367
430 368
430 369
430 371
430 696
430 697
430 698
430 699
430 700
430 701
430 702
430 703
430 704
430 705
431 261
431 262
431 364
431 365
431 366
431 367
431 368
431 369
431 370
431 696
431 697
431 698
431 699
431 700
431 701
431 702
431 703
431 704
432 260
432 261
432 363
432 364
432 365
432 366
432 367
432 368
432 369
432 370
432 696
432 697
432 698
432 699
432 700
432 701
432 702
432 703
432 704
433 260
433 363
433 364
433 365
433 366
433 367
433 368
433 369
433 696
433 697
433 698
433 699
433 700
433 701
433 702
433 703
433 704
434 363
434 364
434 365
434 366
434 368
434 369
434 370
434 696
434 697
434 698
434 699
434 700
434 702
434 703
434 704
435 259
435 362
435 363
435 364
435 365
435 366
435 367
435 368
435 369
435 696
435 697
435 698
435 699
435 700
435 701
435 702
435 703
435 704
436 362
436 363
436 364
436 365
436 366
436 367
436 368
436 369
436 696
436 697
436 698
436 699
436 702
436 703
436 704
437 362
437 363
437 364
437 365
437 366
437 368
437 369
437 696
437 697
437 698
437 699
437 700
437 701
437 702
437 703
437 704
438 362
438 364
438 365
438 366
438 367
438 368
438 696
438 697
438 698
438 699
438 700
438 701
438 702
438 703
438 704
439 347
439 360
439 361
439 363
439 364
439 365
439 366
439 368
439 696
439 697
439 698
439 699
439 700
439 701
439 702
439 703
439 704
440 361
440 362
440 363
440 364
440 365
440 366
440 367
440 368
440 696
440 697
440 698
440 699
440 700
440 701
440 702
440 703
440 704
441 236
441 346
441 362
441 363
441 364
441 365
441 366
441 367
441 368
441 696
441 697
441 698
441 699
441 700
441 701
441 702
441 703
442 346
442 361
442 362
442 363
442 364
442 365
442 366
442 367
442 368
442 696
442 697
442 698
442 699
442 700
442 701
442 702
442 703
443 320
443 359
443 360
443 361
443 362
443 363
443 364
443 365
443 366
443 367
443 696
443 697
443 698
443 699
443 700
443 701
443 702
443 703
444 340
444 345
444 360
444 361
444 362
444 363
444 364
444 365
444 366
444 367
444 696
444 697
444 698
444 699
444 700
444 701
444 702
444 703
445 345
445 360
445 361
445 363
445 364
445 365
445 366
445 367
445 696
445 697
445 698
445 699
445 700
445 701
445 702
445 703
446 358
446 359
446 360
446 361
446 362
446 363
446 364
446 365
446 366
446 696
446 698
446 699
446 700
446 701
446 702
446 703
447 344
447 358
447 359
447 360
447 361
447 362
447 363
447 364
447 365
447 366
447 367
447 696
447 697
447 698
447 699
447 700
447 701
447 703
448 344
448 349
448 359
448 360
448 361
448 362
448 364
448 365
448 366
448 696
448 698
448 699
448 700
448 703
449 338
449 343
449 359
449 360
449 361
449 363
449 364
449 365
449 366
449 696
449 697
449 698
449 699
449 700
449 701
449 702
449 703
450 343
450 357
450 359
450 360
450 361
450 362
450 363
450 364
450 365
450 366
450 697
450 698
450 699
450 700
450 702
451 358
451 359
451 360
451 361
451 362
451 364
451 365
451 696
451 697
451 698
451 699
451 700
451 701
452 342
452 358
452 359
452 360
452 361
452 362
452 363
452 364
452 365
452 696
452 697
452 698
452 699
452 700
453 312
453 342
453 358
453 359
453 360
453 361
453 362
453 363
453 364
453 365
453 696
453 697
453 698
453 699
453 700
454 342
454 356
454 358
454 359
454 360
454 361
454 362
454 364
454 365
454 695
454 696
454 697
454 698
454 699
455 358
455 359
455 360
455 361
455 362
455 363
455 364
455 365
455 696
455 697
455 698
456 357
456 358
456 359
456 360
456 361
456 362
456 363
456 696
456 697
457 341
457 357
457 358
457 359
457 360
457 361
457 362
457 363
457 364
457 696
458 341
458 357
458 358
458 360
458 361
458 362
458 363
459 355
459 357
459 358
459 359
459 360
459 362
459 363
459 364
460 340
460 356
460 357
460 358
460 359
460 360
460 361
460 362
460 363
460 364
461 340
461 356
461 357
461 359
461 360
461 361
461 362
461 364
462 357
462 359
462 360
462 361
462 362
463 339
463 357
463 358
463 359
463 360
463 361
463 362
463 363
464 357
464 358
464 359
464 360
464 361
464 362
464 363
465 358
465 359
465 360
465 361
465 362
466 358
466 359
466 360
466 362
467 358
467 359
467 360
467 361
467 362
468 338
468 358
468 359
468 360
468 361
469 358
469 360
469 361
469 362
470 358
470 360
470 361
470 362
471 337
471 358
471 359
471 360
471 361
471 362
472 358
472 359
472 360
472 361
472 362
473 359
473 360
473 361
474 341
474 359
474 360
474 361
475 359
475 360
475 361
476 359
476 360
476 361
477 335
477 359
477 360
477 361
478 335
478 340
478 359
478 360
478 361
479 327
479 359
479 360
480 359
480 360
481 334
481 360
482 334
482 359
482 360
483 359
483 360
484 359
484 360
485 333
489 332
490 337
492 331
493 331
496 330
500 329
501 329
