-60 178
-59 176
-59 177
-59 178
-59 179
-58 178
-58 179
-58 181
-57 178
-57 179
-57 182
-56 182
-56 183
-55 181
-55 182
-55 183
-55 185
-54 184
-54 185
-53 184
-53 185
-53 186
-53 187
-53 188
-52 186
-52 187
-52 189
-51 187
-51 188
-51 189
-51 191
-50 189
-50 191
-50 192
-49 190
-49 191
-49 192
-49 193
-48 192
-48 193
-48 194
-48 195
-47 194
-47 195
-47 196
-47 197
-46 195
-46 196
-46 198
-45 197
-45 198
-45 199
-45 200
-44 199
-44 200
-44 202
-43 200
-43 201
-43 202
-42 202
-42 203
-42 204
-42 205
-41 203
-41 204
-40 205
-40 206
-40 207
-40 208
-39 122
-39 207
-39 208
-39 209
-39 210
-38 124
-38 209
-38 210
-38 212
-37 126
-37 210
-37 211
-37 212
-36 128
-36 212
-36 213
-35 130
-34 132
-33 134
-32 136
-31 138
89 -23
90 -22
92 -20
94 -18
95 -17
96 -16
97 -15
99 -13
100 -12
101 -11
102 -10
103 -9
104 -8
105 -7
106 -6
106 -5
107 -5
107 -4
108 -4
109 -3
109 -2
110 -2
110 -1
111 0
113 1
113 2
114 3
115 3
115 4
116 4
116 5
117 5
118 4
118 7
119 5
119 6
119 8
120 6
120 7
120 8
121 9
122 9
123 10
123 13
124 11
124 14
125 12
125 13
125 15
126 13
126 15
127 14
127 15
127 16
127 17
128 15
128 18
129 17
129 19
130 18
130 19
130 20
132 21
134 23
135 24
137 27
138 -6
138 28
138 29
139 -5
140 -4
141 47
142 -2
146 54
148 10
154 9
155 10
156 11
157 12
158 13
159 14
160 15
160 75
166 20
169 23
170 24
171 25
174 98
176 29
177 30
178 31
178 105
179 32
180 33
181 34
183 86
185 88
186 38
186 89
187 -31
187 -30
188 -31
188 -30
188 91
188 92
189 -31
189 -30
189 -29
189 92
189 93
189 98
190 -31
190 -30
190 -29
190 -28
190 93
190 100
191 -31
191 -30
191 -29
191 -28
191 94
191 95
191 101
191 102
192 -31
192 -30
192 -29
192 -28
192 -27
192 43
192 95
192 98
192 102
192 103
193 -30
193 -29
193 -28
193 -27
193 44
193 98
193 104
194 -30
194 -29
194 -28
194 -27
194 45
194 99
194 103
194 104
194 105
194 106
194 107
195 -29
195 -28
195 -26
195 -25
195 99
195 100
195 101
195 102
195 106
195 107
195 109
196 -28
196 -27
196 -26
196 -25
196 101
196 102
196 108
196 110
197 -28
197 -27
197 -25
197 -24
197 102
197 103
197 104
197 105
197 106
197 107
197 108
197 109
197 110
197 111
197 112
198 -27
198 -26
198 -25
198 -24
198 -23
198 48
198 105
198 106
198 110
198 111
198 112
198 113
198 114
199 -27
199 -26
199 -25
199 -24
199 -23
199 49
199 104
199 105
199 112
199 113
199 114
199 115
200 -25
200 -24
200 -23
200 -22
200 50
200 111
200 113
200 114
200 115
200 116
200 117
201 -25
201 -24
201 -23
201 -22
201 51
201 60
201 107
201 108
201 109
201 114
201 115
201 116
201 117
201 118
201 119
202 -25
202 -24
202 -23
202 -22
202 -21
202 108
202 117
202 118
202 120
202 121
203 -24
203 -23
203 -22
203 -21
203 -20
203 110
203 111
203 120
203 121
203 122
204 -24
204 -22
204 -21
204 -20
204 111
204 112
204 121
204 122
204 123
205 -23
205 -22
205 -21
205 -20
205 54
205 112
205 113
205 123
205 124
205 125
205 126
206 -22
206 -19
206 55
206 125
206 126
206 127
206 128
207 -22
207 -21
207 -20
207 -19
207 -18
207 56
207 129
207 130
208 -20
208 -19
208 -18
208 116
208 129
208 130
208 131
208 132
209 -21
209 -20
209 -19
209 -18
209 -17
209 131
209 132
209 133
209 134
210 -20
210 -19
210 -18
210 -17
210 58
210 134
210 135
210 136
211 -19
211 -17
211 59
211 136
211 137
212 -19
212 -18
212 -17
212 -16
212 -15
212 60
212 137
212 138
212 139
213 -17
213 -16
213 -15
213 61
213 140
214 -18
214 -17
214 -16
214 -15
214 -14
214 141
215 -17
215 -16
215 -15
215 -14
215 62
215 143
215 144
215 145
216 -16
216 -15
216 -14
216 -13
216 63
216 145
216 146
216 147
217 -16
217 -15
217 -14
217 -13
217 147
217 148
217 149
218 -15
218 -14
218 -13
218 -12
218 65
218 149
218 150
218 151
219 -15
219 -14
219 -13
219 -12
219 -11
219 150
219 151
219 152
220 -13
220 -12
220 -11
220 66
220 153
220 154
220 155
221 -14
221 -12
221 -11
221 -10
221 67
221 154
221 155
221 156
221 157
222 -13
222 -12
222 -11
222 -10
222 68
222 156
222 157
222 158
222 159
223 -12
223 -11
223 -10
223 -9
223 158
223 159
223 161
224 -12
224 -11
224 -10
224 -9
224 69
224 161
224 162
224 163
225 -11
225 -10
225 -9
225 -8
225 70
225 162
225 165
226 -11
226 -10
226 -9
226 -8
226 71
226 164
226 165
226 166
227 -9
227 -8
227 -7
227 72
227 167
227 168
227 169
228 -10
228 -9
228 -8
228 -7
228 168
228 169
228 170
228 171
229 -9
229 -8
229 -7
229 -6
229 73
229 171
229 172
230 -8
230 -7
230 -6
230 74
230 173
230 174
231 -8
231 -7
231 -6
231 -5
231 75
231 174
231 175
231 176
232 -7
232 -6
232 -5
232 75
232 176
232 178
232 179
233 -7
233 -6
233 -5
233 -4
233 76
233 178
233 179
233 180
233 181
234 -6
234 -5
234 -4
234 181
234 182
234 183
235 -5
235 -4
235 -3
235 184
235 185
236 -5
236 -4
236 -3
236 78
236 185
236 186
236 187
237 -5
237 -4
237 -3
237 -2
237 79
237 187
237 188
238 -4
238 -3
238 -2
238 189
238 190
238 191
239 -4
239 -3
239 -2
239 -1
239 191
239 193
240 -2
240 -1
240 81
241 -3
241 -2
241 -1
241 0
241 82
241 195
242 -2
242 -1
242 0
242 83
243 -1
243 0
243 1
244 -1
244 0
244 1
244 84
245 0
245 1
245 2
245 85
246 0
246 1
246 2
247 1
247 2
247 3
247 86
248 1
248 2
248 87
249 2
249 3
249 88
250 4
250 88
251 3
251 4
251 89
252 3
252 4
252 5
252 90
253 4
253 5
253 91
254 4
254 6
254 91
255 5
255 6
255 92
256 5
256 6
256 7
257 6
257 7
257 93
258 6
258 7
258 94
259 7
259 8
259 95
260 7
260 8
261 8
261 9
261 96
262 8
262 9
262 97
263 9
263 10
264 9
264 10
264 98
265 10
266 10
266 11
267 11
268 11
268 12
269 12
270 12
271 13
272 13
274 14
275 14
276 15
277 15
278 16
279 16
281 17
