-132 154
-132 475
-130 475
-129 475
-128 475
-127 475
-123 151
-122 475
-120 451
-115 121
-115 148
-112 120
-110 119
-108 118
-105 116
-104 116
-100 114
-98 113
-97 113
-95 112
-93 111
-91 110
-90 101
-88 100
-88 108
-88 137
-86 107
-86 550
-84 98
-83 106
-82 106
-81 105
-79 104
-78 104
-76 103
-76 553
-75 478
-74 102
-72 101
-70 100
-68 99
-66 98
-65 97
-64 97
-63 96
-62 96
-61 86
-61 95
-60 95
-59 85
-59 94
-59 95
-58 84
-58 94
-57 94
-54 92
-53 583
-52 91
-52 561
-50 90
-49 90
-47 89
-44 77
-44 480
-43 119
-42 76
-41 75
-41 86
-40 75
-39 85
-37 84
-35 83
-33 82
-31 81
-29 69
-29 80
-27 68
-27 79
-26 67
-25 67
-25 78
-23 77
-21 76
-19 75
-18 74
-17 74
-16 73
-15 73
-14 61
-14 72
-13 72
-12 60
-12 71
-10 59
-10 70
-8 69
-7 69
-6 68
-5 67
-5 68
-4 67
-2 66
-1 54
0 65
1 53
111 576
141 607
142 608
142 609
143 609
144 610
145 611
146 612
147 613
152 619
153 620
156 622
187 556
190 559
197 566
198 578
207 555
207 556
208 558
208 579
209 556
209 560
209 561
210 556
210 557
210 558
210 559
210 563
211 557
211 558
211 560
211 561
211 562
211 565
212 557
212 559
212 560
212 561
212 562
212 563
212 564
212 567
213 558
213 559
213 560
213 561
213 563
213 564
213 565
213 566
213 569
214 563
214 564
214 565
214 566
214 567
214 568
214 571
214 587
215 566
215 567
215 568
215 569
215 570
216 568
216 569
216 570
216 571
216 574
217 570
217 571
217 572
217 573
217 574
217 576
218 570
218 572
218 573
218 574
218 575
218 576
218 578
219 572
219 574
219 575
219 576
219 577
220 576
220 577
220 578
220 579
220 581
221 578
221 579
221 580
221 581
221 583
222 580
222 581
222 582
222 583
223 582
223 583
223 584
223 585
224 582
224 584
224 585
224 586
224 588
225 584
225 586
225 587
225 588
225 590
226 586
226 589
226 590
227 588
227 591
227 592
228 591
228 592
228 593
228 595
229 592
229 593
229 597
230 595
230 596
230 597
231 597
231 598
231 599
244 539
252 542
253 542
254 542
258 543
259 543
269 545
270 545
271 545
290 512
292 491
292 512
294 512
295 516
297 516
299 516
299 519
301 519
303 526
305 526
308 525
309 523
312 526
312 528
312 529
313 527
313 530
314 525
314 529
315 412
315 527
315 530
322 411
329 137
329 410
337 409
339 201
345 408
354 207
354 439
355 204
355 207
356 207
357 204
358 204
359 204
360 200
360 201
360 208
361 200
361 204
361 406
362 204
362 208
363 208
364 204
364 208
365 200
365 208
367 200
368 199
368 200
368 204
369 199
371 203
374 208
378 404
379 401
386 403
391 317
