236 486
237 487
237 488
238 488
238 489
239 489
239 490
240 490
240 491
240 492
240 493
241 491
241 492
241 493
241 494
242 492
242 493
242 494
242 495
242 496
243 493
243 494
243 495
243 496
243 497
244 494
244 495
244 496
244 497
244 499
245 495
245 496
245 497
245 498
245 499
245 500
246 496
246 497
246 498
246 499
246 500
246 501
246 502
247 497
247 498
247 499
247 500
247 501
247 502
247 503
248 498
248 499
248 500
248 501
248 502
248 503
248 504
248 505
249 499
249 500
249 501
249 502
249 503
249 504
249 505
249 506
250 500
250 501
250 502
250 503
250 504
250 505
250 506
250 507
250 508
251 502
251 503
251 504
251 505
318 208
323 92
399 145
422 160
529 152
530 152
531 151
532 151
532 152
535 153
536 153
538 150
539 154
540 152
540 154
541 150
541 154
542 154
544 155
545 149
545 153
546 155
547 155
548 156
549 156
550 154
550 156
552 157
553 157
554 157
555 157
556 158
557 158
559 156
559 158
559 159
562 159
563 146
563 157
563 160
566 161
567 158
567 161
568 161
569 162
574 160
584 141
602 135
607 133
695 165
758 197
